-90.000000 -60.000000  0.000000
-89.000000 -51.995739  0.000000
-88.000000 -43.614438  0.000000
-87.000000 -38.405804  0.000000
-86.000000 -34.679689  0.000000
-85.000000 -31.784565  0.000000
-84.000000 -29.419162  0.000000
-83.000000 -27.420767  0.000000
-82.000000 -25.691730  0.000000
-81.000000 -24.168892  0.000000
-80.000000 -22.809064  0.000000
-79.000000 -21.581410  0.000000
-78.000000 -20.463149  0.000000
-77.000000 -19.436978  0.000000
-76.000000 -18.489438  0.000000
-75.000000 -17.609863  0.000000
-74.000000 -16.789650  0.000000
-73.000000 -16.021766  0.000000
-72.000000 -15.300382  0.000000
-71.000000 -14.620617  0.000000
-70.000000 -13.978341  0.000000
-69.000000 -13.370031  0.000000
-68.000000 -12.792655  0.000000
-67.000000 -12.243587  0.000000
-66.000000 -11.720536  0.000000
-65.000000 -11.221495  0.000000
-64.000000 -10.744690  0.000000
-63.000000 -10.288551  0.000000
-62.000000 -9.851679   0.000000
-61.000000 -9.432825   0.000000
-60.000000 -9.030865   0.000000
-59.000000 -8.644788   0.000000
-58.000000 -8.273680   0.000000
-57.000000 -7.916710   0.000000
-56.000000 -7.573126   0.000000
-55.000000 -7.242238   0.000000
-54.000000 -6.923418   0.000000
-53.000000 -6.616089   0.000000
-52.000000 -6.319722   0.000000
-51.000000 -6.033828   0.000000
-50.000000 -5.757959   0.000000
-49.000000 -5.491697   0.000000
-48.000000 -5.234659   0.000000
-47.000000 -4.986486   0.000000
-46.000000 -4.746849   0.000000
-45.000000 -4.515438   0.000000
-44.000000 -4.291966   0.000000
-43.000000 -4.076165   0.000000
-42.000000 -3.867786   0.000000
-41.000000 -3.666594   0.000000
-40.000000 -3.472371   0.000000
-39.000000 -3.284913   0.000000
-38.000000 -3.104027   0.000000
-37.000000 -2.929533   0.000000
-36.000000 -2.761262   0.000000
-35.000000 -2.599057   0.000000
-34.000000 -2.442766   0.000000
-33.000000 -2.292251   0.000000
-32.000000 -2.147378   0.000000
-31.000000 -2.008025   0.000000
-30.000000 -1.874074   0.000000
-29.000000 -1.745416   0.000000
-28.000000 -1.621946   0.000000
-27.000000 -1.503567   0.000000
-26.000000 -1.390188   0.000000
-25.000000 -1.281723   0.000000
-24.000000 -1.178089   0.000000
-23.000000 -1.079212   0.000000
-22.000000 -0.985019   0.000000
-21.000000 -0.895443   0.000000
-20.000000 -0.810420   0.000000
-19.000000 -0.729893   0.000000
-18.000000 -0.653805   0.000000
-17.000000 -0.582106   0.000000
-16.000000 -0.514746   0.000000
-15.000000 -0.451682   0.000000
-14.000000 -0.392872   0.000000
-13.000000 -0.338277   0.000000
-12.000000 -0.287864   0.000000
-11.000000 -0.241598   0.000000
-10.000000 -0.199452   0.000000
-9.000000 -0.161398    0.000000
-8.000000 -0.127412    0.000000
-7.000000 -0.097474    0.000000
-6.000000 -0.071565    0.000000
-5.000000 -0.049669    0.000000
-4.000000 -0.031772    0.000000
-3.000000 -0.017863    0.000000
-2.000000 -0.007935    0.000000
-1.000000 -0.001980    0.000000
0.000000 0.000004      0.000000
1.000000 -0.001980     0.000000
2.000000 -0.007935     0.000000
3.000000 -0.017863     0.000000
4.000000 -0.031772     0.000000
5.000000 -0.049669     0.000000
6.000000 -0.071565     0.000000
7.000000 -0.097474     0.000000
8.000000 -0.127412     0.000000
9.000000 -0.161398     0.000000
10.000000 -0.199452    0.000000
11.000000 -0.241598    0.000000
12.000000 -0.287864    0.000000
13.000000 -0.338277    0.000000
14.000000 -0.392872    0.000000
15.000000 -0.451682    0.000000
16.000000 -0.514746    0.000000
17.000000 -0.582106    0.000000
18.000000 -0.653805    0.000000
19.000000 -0.729893    0.000000
20.000000 -0.810420    0.000000
21.000000 -0.895443    0.000000
22.000000 -0.985019    0.000000
23.000000 -1.079212    0.000000
24.000000 -1.178089    0.000000
25.000000 -1.281723    0.000000
26.000000 -1.390188    0.000000
27.000000 -1.503567    0.000000
28.000000 -1.621946    0.000000
29.000000 -1.745416    0.000000
30.000000 -1.874074    0.000000
31.000000 -2.008025    0.000000
32.000000 -2.147378    0.000000
33.000000 -2.292251    0.000000
34.000000 -2.442766    0.000000
35.000000 -2.599057    0.000000
36.000000 -2.761262    0.000000
37.000000 -2.929533    0.000000
38.000000 -3.104027    0.000000
39.000000 -3.284913    0.000000
40.000000 -3.472371    0.000000
41.000000 -3.666594    0.000000
42.000000 -3.867786    0.000000
43.000000 -4.076165    0.000000
44.000000 -4.291966    0.000000
45.000000 -4.515438    0.000000
46.000000 -4.746849    0.000000
47.000000 -4.986486    0.000000
48.000000 -5.234659    0.000000
49.000000 -5.491697    0.000000
50.000000 -5.757959    0.000000
51.000000 -6.033828    0.000000
52.000000 -6.319722    0.000000
53.000000 -6.616089    0.000000
54.000000 -6.923418    0.000000
55.000000 -7.242238    0.000000
56.000000 -7.573126    0.000000
57.000000 -7.916710    0.000000
58.000000 -8.273680    0.000000
59.000000 -8.644788    0.000000
60.000000 -9.030865    0.000000
61.000000 -9.432825    0.000000
62.000000 -9.851679    0.000000
63.000000 -10.288551   0.000000
64.000000 -10.744690   0.000000
65.000000 -11.221495   0.000000
66.000000 -11.720536   0.000000
67.000000 -12.243587   0.000000
68.000000 -12.792655   0.000000
69.000000 -13.370031   0.000000
70.000000 -13.978341   0.000000
71.000000 -14.620617   0.000000
72.000000 -15.300382   0.000000
73.000000 -16.021766   0.000000
74.000000 -16.789650   0.000000
75.000000 -17.609863   0.000000
76.000000 -18.489438   0.000000
77.000000 -19.436978   0.000000
78.000000 -20.463149   0.000000
79.000000 -21.581410   0.000000
80.000000 -22.809064   0.000000
81.000000 -24.168892   0.000000
82.000000 -25.691730   0.000000
83.000000 -27.420767   0.000000
84.000000 -29.419162   0.000000
85.000000 -31.784565   0.000000
86.000000 -34.679689   0.000000
87.000000 -38.405804   0.000000
88.000000 -43.614438   0.000000
89.000000 -51.995739   0.000000
90.000000 -60.000000   0.000000
