begin_<parameters> 
format free
phi_min 0
phi_max 360
phi_inc 5
theta_min 90
theta_max 90
theta_inc 0
complex
mag_phase
pattern gain
magnitude dB
direction degrees
phase degrees
polarization theta_phi
NetInputPower 0.002482195
end_<parameters>
90 0 3.058057 -8.457875 42.65266 93.98934
90 5 3.205413 -10.33256 46.13933 90.40602
90 10 3.184601 -13.1411 45.87236 82.80316
90 15 2.982978 -17.54738 41.97013 69.27481
90 20 2.590472 -25.46318 34.43073 38.44731
90 25 2.009766 -29.09913 23.08759 -79.85197
90 30 1.281601 -22.21066 7.583643 -131.3006
90 35 0.528741 -19.21966 -12.4968 -165.123
90 40 -0.01113332 -17.57308 -37.07603 161.1546
90 45 -0.07493552 -16.81388 -64.68389 127.067
90 50 0.3741259 -17.09985 -92.62709 88.90502
90 55 1.056282 -17.37037 -118.8935 39.35164
90 60 1.582191 -15.44611 -143.2664 -10.51757
90 65 1.60368 -13.29687 -166.8354 -44.0938
90 70 0.8017944 -13.009 168.2719 -66.92434
90 75 -1.110802 -15.31939 137.6882 -84.79381
90 80 -3.681509 -21.4987 91.34737 -98.23869
90 85 -3.379084 -34.82041 29.07983 -57.24362
90 90 -0.5295113 -27.4132 -17.21288 -16.74459
90 95 1.313849 -23.67715 -49.92068 -57.16609
90 100 1.608741 -22.10496 -79.32589 -98.07324
90 105 0.4167735 -24.00219 -111.3037 -154.5519
90 110 -1.99682 -19.63511 -152.9491 120.0487
90 115 -3.671923 -13.41036 147.2993 86.08236
90 120 -1.811797 -10.70467 87.97286 69.17407
90 125 0.87281 -10.88288 46.67948 57.25211
90 130 2.712533 -14.37303 15.69286 46.89664
90 135 3.621716 -26.52731 -10.22414 26.88719
90 140 3.664362 -20.3595 -33.41671 -132.862
90 145 2.86541 -14.76546 -55.61813 -139.9406
90 150 1.254691 -14.12829 -79.11513 -139.7335
90 155 -0.9213064 -16.5696 -107.7104 -128.5282
90 160 -2.565408 -19.95536 -144.8213 -81.3633
90 165 -2.191252 -15.47841 177.6037 -29.38679
90 170 -0.6747891 -10.89857 151.5328 -12.75043
90 175 0.6263589 -8.122831 135.842 -4.790117
90 180 1.3515 -6.519131 126.5976 1.953579
90 185 1.483438 -5.761076 121.6894 9.890617
90 190 1.027094 -5.718508 120.3637 20.56217
90 195 -0.06153408 -6.328056 122.8848 35.81609
90 200 -1.870977 -7.389507 130.9672 58.40877
90 205 -4.322703 -8.168152 149.3963 90.40079
90 210 -5.981274 -7.714714 -174.844 126.6321
90 215 -4.376779 -6.549575 -135.1136 158.3849
90 220 -1.566159 -5.84647 -108.9473 -174.4912
90 225 0.5957455 -6.116613 -90.11338 -147.7473
90 230 1.916228 -7.329855 -72.47659 -116.9432
90 235 2.506873 -8.904847 -53.07968 -78.92843
90 240 2.5039 -9.992484 -30.36038 -36.4727
90 245 2.036952 -10.82786 -3.46002 3.546276
90 250 1.214119 -12.37518 28.23285 40.42212
90 255 0.1860752 -15.16916 65.74157 77.1877
90 260 -0.5990732 -19.81854 109.9896 115.4985
90 265 -0.4569665 -29.8538 157.8681 161.0355
90 270 0.471389 -30.86907 -157.4042 -11.75435
90 275 1.319511 -24.20731 -117.687 40.48926
90 280 1.587517 -21.51686 -80.36877 101.5597
90 285 1.229067 -17.0366 -42.41095 157.8857
90 290 0.4869083 -13.05014 -1.468802 -163.6584
90 295 -0.133044 -10.62367 43.24839 -132.6428
90 300 -0.1135942 -9.321886 89.11629 -102.7533
90 305 0.4896177 -8.508201 131.5843 -72.17933
90 310 1.169234 -7.71728 168.8954 -42.25768
90 315 1.563773 -6.893312 -157.8292 -15.21661
90 320 1.595338 -6.20736 -126.8258 8.196414
90 325 1.380477 -5.763574 -96.75851 28.48412
90 330 1.148151 -5.550249 -67.21807 46.22436
90 335 1.124127 -5.513283 -39.01869 61.57293
90 340 1.385736 -5.621909 -13.7674 74.32074
90 345 1.838111 -5.89423 7.21922 84.13249
90 350 2.331934 -6.391254 23.49395 90.75317
90 355 2.757858 -7.204674 35.201 94.05933
90 360 3.058057 -8.457875 42.65266 93.98934