begin_<parameters> 
format free
phi_min 0
phi_max 360
phi_inc 5
theta_min 90
theta_max 90
theta_inc 0
complex
mag_phase
pattern gain
magnitude dB
direction degrees
phase degrees
polarization theta_phi
NetInputPower 0.0024625
end_<parameters>
90 0 3.102879 -7.782398 46.30659 -83.53263
90 5 2.815282 -6.722917 35.82973 -86.18525
90 10 2.363955 -6.043786 21.13361 -91.99549
90 15 1.787183 -5.685011 1.750557 -100.9288
90 20 1.202383 -5.609252 -22.78721 -113.0268
90 25 0.8321954 -5.780801 -52.3302 -128.462
90 30 0.891972 -6.133281 -85.26859 -147.5082
90 35 1.346851 -6.54068 -119.0041 -170.2338
90 40 1.890272 -6.858246 -151.8961 164.0723
90 45 2.174089 -7.075989 175.9966 136.9506
90 50 1.931888 -7.406341 143.4807 109.5594
90 55 0.9841591 -8.132544 108.2774 81.59307
90 60 -0.581707 -9.399878 66.0285 51.71318
90 65 -1.588192 -11.17746 12.37903 19.09662
90 70 -0.4181296 -13.57669 -42.16808 -15.41331
90 75 1.452974 -17.43487 -84.67498 -52.35327
90 80 2.43515 -24.16917 -119.0251 -108.9649
90 85 2.172924 -24.93131 -151.2727 154.9013
90 90 0.7154047 -24.01294 173.3781 112.2525
90 95 -1.34485 -39.66878 128.5918 109.0188
90 100 -2.022453 -20.787 73.39485 -122.8278
90 105 -0.4774933 -14.21849 24.44837 -144.4814
90 110 1.381093 -11.6669 -11.37402 -171.0924
90 115 2.651553 -10.84106 -38.54401 155.3071
90 120 3.206475 -10.21648 -60.16139 115.1256
90 125 3.020959 -9.030028 -77.90183 75.34729
90 130 2.047595 -7.823335 -93.19971 40.80872
90 135 0.1993251 -7.094798 -108.0266 10.13558
90 140 -2.609691 -6.8257 -126.3306 -18.9015
90 145 -5.832277 -6.789951 -156.9329 -47.06892
90 150 -6.263289 -6.792057 159.1162 -73.81974
90 155 -3.638479 -6.764321 130.7391 -98.09981
90 160 -1.229765 -6.749687 119.0958 -119.0191
90 165 0.3544025 -6.850561 115.4779 -136.094
90 170 1.219788 -7.201957 116.4005 -149.2238
90 175 1.451777 -7.972728 120.8317 -158.5974
90 180 1.055554 -9.400353 128.9287 -164.6089
90 185 -0.02045244 -11.90628 142.0321 -167.7969
90 190 -1.740169 -16.53725 163.5895 -169.0048
90 195 -3.270413 -28.98329 -160.7384 -174.2316
90 200 -2.489461 -23.1809 -116.2343 23.86333
90 205 -0.007786227 -17.04116 -80.83894 27.31311
90 210 2.116706 -16.00721 -54.2788 35.38541
90 215 3.332322 -18.79551 -30.6146 49.57586
90 220 3.636965 -28.61623 -6.313599 109.5611
90 225 3.126652 -19.82529 20.8418 -144.1362
90 230 1.950137 -14.74626 52.56913 -119.3373
90 235 0.3253843 -13.47516 90.35958 -95.84824
90 240 -1.384953 -14.11667 135.8114 -64.7963
90 245 -2.350054 -15.02423 -170.7458 -25.39601
90 250 -1.726626 -15.71403 -116.7205 11.63944
90 255 -0.3597034 -18.08507 -71.0593 41.4654
90 260 0.52274 -25.04061 -32.69981 74.41883
90 265 0.5043803 -32.68221 2.913954 -158.2707
90 270 -0.3435421 -28.0878 39.89431 -107.0704
90 275 -1.53968 -48.78043 81.6257 -47.965
90 280 -2.116755 -23.22674 127.9157 110.874
90 285 -1.547992 -17.22678 171.8586 133.652
90 290 -0.5066541 -15.08374 -151.7993 159.3091
90 295 0.3254415 -14.71566 -122.0362 -169.9455
90 300 0.7491155 -15.01364 -96.28418 -134.3462
90 305 0.8176226 -15.38982 -72.52181 -97.17654
90 310 0.6973848 -15.90445 -49.46045 -61.4979
90 315 0.6071633 -16.80085 -26.73282 -28.04042
90 320 0.7278789 -18.32029 -5.04132 2.917148
90 325 1.099915 -21.13452 14.2882 31.06137
90 330 1.625647 -27.89222 30.18067 60.6139
90 335 2.171096 -31.58248 42.21956 -137.9709
90 340 2.640333 -19.93263 50.41757 -108.1339
90 345 2.983898 -14.75563 54.88962 -95.65069
90 350 3.181075 -11.52871 55.70935 -88.04177
90 355 3.222929 -9.32414 52.87484 -84.10902
90 360 3.102879 -7.782398 46.30659 -83.53263