0.000000e+00 
2.328077e-09 
2.926309e-08 
2.120705e-08 
1.964300e-08 
3.567546e-07 
1.098723e-06 
1.024354e-07 
1.015553e-06 
4.784850e-07 
6.001677e-08 
3.497044e-08 
2.418400e-08 
5.055202e-08 
5.508028e-08 
2.511465e-08 
1.012186e-06 
1.158318e-06 
6.751970e-07 
8.339124e-08 
0.000000e+00 
2.328077e-09 
2.926309e-08 
2.120705e-08 
1.964300e-08 
3.567546e-07 
1.098723e-06 
1.024354e-07 
1.015553e-06 
4.784850e-07 
6.001677e-08 
3.497044e-08 
2.418400e-08 
5.055202e-08 
5.508028e-08 
2.511465e-08 
1.012186e-06 
1.158318e-06 
6.751970e-07 
8.339124e-08 
0.000000e+00 
2.328077e-09 
2.926309e-08 
2.120705e-08 
1.964300e-08 
3.567546e-07 
1.098723e-06 
1.024354e-07 
1.015553e-06 
4.784850e-07 
6.001677e-08 
3.497044e-08 
2.418400e-08 
5.055202e-08 
5.508028e-08 
2.511465e-08 
1.012186e-06 
1.158318e-06 
6.751970e-07 
8.339124e-08 
0.000000e+00 
2.328077e-09 
2.926309e-08 
2.120705e-08 
1.964300e-08 
3.567546e-07 
1.098723e-06 
1.024354e-07 
1.015553e-06 
4.784850e-07 
6.001677e-08 
3.497044e-08 
2.418400e-08 
5.055202e-08 
5.508028e-08 
2.511465e-08 
1.012186e-06 
1.158318e-06 
6.751970e-07 
8.339124e-08