0.000000	0
0.000100	0.080000000000000016
0.000200	0.16013963209017912
0.000300	0.24069807568080576
0.000400	0.32195425592334326
0.000500	0.40418667437609362
0.000600	0.48767323992700318
0.000700	0.57269110007627599
0.000800	0.65951647268122304
0.000900	0.7484244782654933
0.001000	0.83968897299449252
0.001100	0.9335823824183882
0.001200	1.030375536083636
0.001300	1.1303375031134331
0.001400	1.2337354288569184
0.001500	1.3408343727062877
0.001600	1.451897147180284
0.001700	1.567184158371759
0.001800	1.6869532478561626
0.001900	1.8114595361569434
0.002000	1.9409552678628874
0.002100	2.0756896584914264
0.002200	2.2159087431908833
0.002300	2.3618552273735065
0.002400	2.5137683393699741
0.002500	2.6718836851948207
0.002600	2.8364331055109586
0.002700	3.0076445348801277
0.002800	3.1857418633847256
0.002900	3.3709448007050224
0.003000	3.5634687427342855
0.003100	3.7635246408127823
0.003200	3.9713188736600582
0.003300	4.1870531220832303
0.003400	4.4109242465373697
0.003500	4.643124167612295
0.003600	4.8838397495183434
0.003700	5.133252686641848
0.003800	5.3915393932391931
0.003900	5.6588708963364178
0.004000	5.935412731899385
0.004100	6.221324844337552
0.004200	6.5167614894023513
0.004300	6.8218711405391339
0.004400	7.1367963987495289
0.004500	7.4616739060189392
0.004600	7.7966342623617315
0.004700	8.1418019465344855
0.004800	8.4972952404654354
0.004900	8.8632261574459719
0.005000	9.2397003741278247
0.005100	9.6268171663671822
0.005200	10.024669348954706
0.005300	10.43334321926805
0.005400	10.852918504881051
0.005500	11.283468315161446
0.005600	11.725059096886458
0.005700	12.177750593903218
0.005800	12.641595810858519
0.005900	13.116640981019897
0.006000	13.602925538207602
0.006100	14.100482092854483
0.006200	14.609336412208318
0.006300	15.129507404688622
0.006400	15.661007108407423
0.006500	16.203840683860967
0.006600	16.758006410796806
0.006700	17.323495689258152
0.006800	17.900293044804883
0.006900	18.488376137908002
0.007000	19.087715777511896
0.007100	19.69827593875609
0.007200	20.320013784845813
0.007300	20.952879693058037
0.007400	21.596817284867242
0.007500	22.25176346017259
0.007600	22.917648435605749
0.007700	23.594395786896101
0.007800	24.281922495267619
0.007900	24.980138997839227
0.008000	25.688949241998074
0.008100	26.408250743712706
0.008200	27.137934649750701
0.008300	27.877885803763046
0.008400	28.627982816195093
0.008500	29.388098137981686
0.008600	30.158098137981685
0.008700	30.937843184104914
0.008800	31.727187728082239
0.008900	32.525980393827361
0.009000	33.334064069336613
0.009100	34.151276002071072
0.009200	34.97744789776295
0.009300	35.812406022586394
0.009400	36.655971308630605
0.009500	37.507959462611254
0.009600	38.368181077754201
0.009700	39.236441748783605
0.009800	40.112542189944605
0.009900	40.996278355988892
0.010000	41.887441566049802
0.010100	42.785818630331612
0.010200	43.691191979536242
0.010300	44.603339796948717
0.010400	45.522036153101205
0.010500	46.447051142933915
0.010600	47.37815102536954
0.010700	48.315098365216542
0.010800	49.257652177315116
0.010900	50.205568072838346
0.011000	51.158598407659667
0.011100	52.116492432696646
0.011200	53.078996446139769
0.011300	54.045853947473795
0.011400	55.016805793198195
0.011500	55.991590354152173
0.011600	56.969943674348663
0.011700	57.951599631220994
0.011800	58.936290097184823
0.011900	59.923745102417342
0.012000	60.91369299875489
0.012100	61.905860624609481
0.012200	62.89997347080412
0.012300	63.895755847226241
0.012400	64.892931050198072
0.012500	65.891221530462346
0.012600	66.890349061681391
0.012700	67.890034909347179
0.012800	69.80996509065281
0.012900	70.729511306228432
0.013000	71.648080393856844
0.013100	72.565114693878584
0.013200	73.480057478397654
0.013300	74.392353289268868
0.013400	75.301448275314229
0.013500	76.206790528563886
0.013600	77.107830419317153
0.013700	78.004020929820683
0.013800	78.894817986360593
0.013900	79.779680789567678
0.014000	80.658072142734383
0.014100	81.529458777944868
0.014200	82.393311679819902
0.014300	83.249106406679928
0.014400	84.096323408931582
0.014500	84.934448344484167
0.014600	85.762972391004681
0.014700	86.581392554821974
0.014800	87.389211976292017
0.014900	88.18594023143956
0.015000	88.971093629692561
0.015100	89.744195507528801
0.015200	90.504776517856442
0.015300	91.252374914952782
0.015400	91.98653683478824
0.015500	92.706816570565465
0.015600	93.412776843306062
0.015700	94.103989067321095
0.015800	94.780033610403592
0.015900	95.440500048585733
0.016000	96.084987415305505
0.016100	96.713104444832013
0.016200	97.3244698098013
0.016300	97.918712352718671
0.016400	98.495471311287048
0.016500	99.054396537424168
0.016600	99.595148709836195
0.016700	100.11739954001834
0.016800	100.62083197155751
0.016900	101.10514037261594
0.017000	101.57003072147916
0.017100	102.01522078505535
0.017200	102.44044029021798
0.017300	102.84543108788753
0.017400	103.22994730975277
0.017500	103.59375551753645
0.017600	103.93663484471476
0.017700	104.2583771306045
0.017800	104.55878704673667
0.017900	104.83768221543949
0.018000	105.09489332055931
0.018100	105.33026421025166
0.018200	105.54365199178046
0.018300	105.73492711826768
0.018400	105.90397346734063
0.018500	106.05068841162954
0.018600	106.17498288107204
0.018700	106.27678141698746
0.018800	106.3560222178873
0.018900	106.41265717699481
0.019000	106.44665191145035
0.019100	106.45798578318509
0.019200	106.44665191145035
0.019300	106.41265717699481
0.019400	106.3560222178873
0.019500	106.27678141698746
0.019600	106.17498288107204
0.019700	106.05068841162954
0.019800	105.90397346734063
0.019900	105.73492711826768
0.020000	105.54365199178046
0.020100	105.33026421025166
0.020200	105.09489332055931
0.020300	104.83768221543949
0.020400	104.55878704673667
0.020500	104.2583771306045
0.020600	103.93663484471476
0.020700	103.59375551753645
0.020800	103.22994730975277
0.020900	102.84543108788753
0.021000	102.44044029021798
0.021100	102.01522078505535
0.021200	101.57003072147916
0.021300	101.10514037261594
0.021400	100.62083197155751
0.021500	100.11739954001834
0.021600	99.595148709836195
0.021700	99.054396537424168
0.021800	98.495471311287062
0.021900	97.918712352718686
0.022000	97.324469809801286
0.022100	96.713104444831998
0.022200	96.084987415305491
0.022300	95.440500048585719
0.022400	94.780033610403592
0.022500	94.103989067321095
0.022600	93.412776843306077
0.022700	92.706816570565465
0.022800	91.986536834788254
0.022900	91.252374914952782
0.023000	90.504776517856442
0.023100	89.744195507528801
0.023200	88.971093629692561
0.023300	88.185940231439574
0.023400	87.389211976292032
0.023500	86.581392554821988
0.023600	85.762972391004709
0.023700	84.934448344484167
0.023800	84.096323408931596
0.023900	83.249106406679942
0.024000	82.393311679819917
0.024100	81.529458777944882
0.024200	80.658072142734383
0.024300	79.779680789567692
0.024400	78.894817986360607
0.024500	78.004020929820683
0.024600	77.107830419317168
0.024700	76.206790528563886
0.024800	75.301448275314243
0.024900	74.392353289268883
0.025000	73.480057478397683
0.025100	72.565114693878598
0.025200	71.648080393856858
0.025300	70.729511306228446
0.025400	69.809965090652838
0.025500	68.890000000000015
