186.11250142913116	
202.54053130810064	
204.4199845804952	
210.68053110208604	
231.05142434497381	
261.34089689226624	
266.95095603683154	
204.03019113581772	
226.34736612875454	
236.41601981084708	
240.16143244908284	
233.34092363163185	
224.17313496559453	
214.29098397881609	
205.19721568566163	
205.2103887994252	
199.93483770918462	
180.81410522036452	
167.32818399089763	
173.6918438775223	
171.93289977786446	
164.46873617518634	
161.27093699695951	
163.52905058607479	
151.04847161468174	
135.37005548428604	
128.6052980727066	
133.01126786079919	
119.27273584476883	
117.5204802087257	
124.10800108346189	
128.22620983061279	
130.2330155741256	
136.4728596680402	
142.20186870700431	
141.06648247737641	
143.46681037078383	
152.59201073713828	
164.90235919601858	
164.45029461251139	
157.37536417768627	
177.84429625967425	
192.05753778294326	
187.93947411136969	
190.59202705743607	
193.03190262480817	
194.0433243815167	
196.19270450272361	
197.25311330659861	
186.18395175866354	
168.80984226561861	
160.47109960485139	
163.63912914498107	
163.94280433584404	
166.39321302092841	
173.42457223390895	
180.49918292388156	
183.33422258081686	
174.89583687661272	
169.76176242284373	
169.67553945837687	
148.88011484591325	
140.21635178440241	
137.72299760461448	
134.104006915056	
133.64939821158242	
130.04036339669665	
125.20515206956098	
122.89032676999682	
122.33204806262022	
122.79079711770174	
128.88185553403022	
129.80239807105457	
127.64271176283238	
129.40995750840915	
130.7946097740211	
136.82167440792409	
128.74050443595161	
127.88432541264748	
130.09760539427708	
134.5877631543147	
135.87040444616585	
130.1480768720848	
124.95916081712915	
121.78243939326377	
123.2018007418914	
134.36324383827932	
139.57568216212812	
147.52572566069895	
153.18072429076125	
170.20454258862989	
171.05911233045165	
166.46876887070022	
163.79143990745749	
154.41838360229104	
143.29017704110731	
133.49019762318204	
136.61147738763881	
133.85916559034789	
133.13267005336266	
134.6662998480833	
133.65832698363872	
139.99975060246629	
148.08241824998458	
157.7281463046474	
159.36041459407002	
150.50411166208997	
149.49097263271827	
146.68279679557497	
153.402571601331	
137.85984504656298	
130.5399557404551	
131.40219946033523	
132.66006647062869	
135.31350985006489	
139.06975739757038	
131.48402882729323	
120.22635499449339	
123.98077480406005	
131.65507530207327	
124.75902192247374	
120.79993654153205	
115.27889570951709	
112.3345688709109	
108.65863496543476	
106.852335269072	
109.81599180182938	
112.34605172251122	
107.22255449175782	
105.05809442406941	
112.76123077646497	
113.5715022107386	
115.5174073646795	
120.4205828592615	
125.41419952850075	
132.46208186777889	
139.40995367508296	
152.40596214576561	
154.8083007836353	
152.40629652774825	
170.41223094938667	
179.14102044450681	
177.71294500340929	
186.10927761237343	
210.46845965980501	
234.41964432392697	
240.36314429144457	
237.19945294835972	
241.22757239497821	
237.0609325839167	
225.82476969271602	
235.17187465607529	
238.31685617225534	
235.55148664830995	
237.2874279408596	
233.0491553861882	
229.76678357528937	
223.95993571771865	
221.04884129653908	
230.137049373715	
232.56312630815486	
229.68785807635695	
229.83046138637289	
220.87909024326186	
193.28413938162086	
168.71003422871476	
162.51125587818262	
176.84186949160059	
181.25856996778711	
176.43758615021554	
188.98241121615715	
186.28749267183409	
188.60049620881716	
201.3525549067823	
196.33477139489585	
189.20141756715543	
196.29520400689231	
220.34725696531578	
243.89578171236121	
238.93887650954304	
226.54938931076063	
227.68684603131825	
229.33597201632182	
224.74879151354034	
230.26985014659093	
231.13259633546036	
232.09130907483322	
230.75173651427937	
234.42393809233198	
239.5302829009955	
233.08118115261553	
225.75492118911026	
231.51076894338871	
228.06130309139363	
225.96153574498987	
225.990710483247	
217.94282074564694	
192.39165975334762	
171.25183040979834	
164.76963091271637	
171.56792578880052	
175.68268905096281	
177.36533870360071	
180.81827767737062	
180.9354993952804	
192.71324809436024	
198.36584274634481	
189.08711430288338	
179.6582223492311	
173.22633842607166	
168.99741651029183	
169.97384126112999	
163.62535220692249	
156.93498813741493	
157.5260968515264	
161.2653935296122	
160.24889948880718	
155.5888606635487	
153.98636017817256	
153.57912914375507	
147.38980707449895	
149.41953046072692	
149.22354814664135	
151.52128083089835	
152.96137533127276	
143.49363113528912	
134.07509701754699	
127.08478914078887	
124.94306742943913	
127.83504403721592	
131.19630247416609	
133.80558250688094	
128.01017590483494	
121.23607670909695	
122.2049161044164	
131.26619148693968	
129.54329135800492	
137.94604629505386	
150.09361812340188	
155.35101093931863	
155.67837493209817	
149.67413920113091	
149.36783818733062	
148.32966542868104	
139.2285176220598	
137.49456655459338	
140.69607787930437	
141.49981123194149	
151.91602023208145	
163.49764395494299	
158.95486838368234	
166.16294312101451	
177.10113743802717	
178.50704865421329	
175.81176676533346	
165.2506549176249	
169.04815076712342	
170.0970827250963	
161.52528325107576	
157.6171638209008	
149.89262526279595	
145.88258524872728	
146.41331359428548	
149.50667056718848	
149.43202351509689	
144.98747864801652	
140.86146538873007	
149.24660409236316	
148.96973802788969	
136.57677026842561	
137.78980342082261	
127.90000570752444	
113.82621741612999	
111.70478718714995	
112.55934302576597	
119.44332772197995	
119.650707410848	
113.78858855516995	
105.41188779917891	
104.87081214129442	
110.14341288593378	
119.45673874692829	
142.24351855283044	
161.73869830646339	
176.90039681608374	
186.33228838516482	
183.75032122896238	
174.01784530395628	
165.72152448692617	
165.67985038047951	
165.30219005424817	
169.81416022033372	
175.27826892387719	
173.9144405369095	
170.16309829024573	
167.54234935054885	
169.29497089035917	
165.83195343401573	
166.82798833311023	
163.39276085892288	
165.95513385343648	
167.78064017788617	
142.61739507225104	
117.97961380280773	
115.65697016029347	
111.29442468543375	
112.67282164739041	
115.40077242408644	
114.77297066072445	
114.67342404128026	
117.19456994711766	
113.7253947174798	
113.84805422372959	
121.22840667201912	
126.42264738019158	
137.23744563107124	
156.97363877405493	
167.75868255770231	
167.92928729444264	
163.55386480874265	
160.79932925341433	
156.36515885729446	
163.56294445431899	
166.2288065637222	
159.02930072377271	
159.75851039413914	
164.65806362902208	
162.4388187219898	
160.67471922232735	
160.76278420121571	
158.23850331995806	
163.42754491403957	
163.05270045675246	
164.30142356284171	
174.34072982733773	
158.85519233130651	
136.59625794777824	
143.57409194518294	
157.36912515675456	
165.21081069642432	
160.30432046250846	
153.38061222924554	
151.0317418503341	
151.20898422871406	
147.55891416088537	
140.48300970838426	
139.97124479033945	
144.3472058465041	
145.52152343857583	
153.72622939534796	
157.24949653778128	
154.09380372274904	
151.55781064780024	
149.58218679308803	
143.13563537323301	
149.54194285072265	
150.4441543665898	
136.92729571625517	
131.6566257907914	
132.78763696276749	
143.20701645612809	
148.29368810650359	
141.8660889412927	
143.22231801256368	
158.62779001954155	
178.06308674281348	
185.51019054413274	
188.82170830264062	
188.1913404240714	
180.66274532203099	
185.05919441297141	
197.19265565184267	
210.05819182825721	
217.49431621173056	
222.17541820661003	
221.6598900975282	
221.98866687172566	
217.86817813874174	
209.65604166381536	
208.16044843414787	
200.87741068538222	
198.76485817346145	
214.15595627580529	
218.35161049667693	
209.37776615189264	
195.98303849328789	
185.34727147742106	
183.04269815685987	
184.71520439357829	
184.59068560761622	
178.00838899099497	
167.61956746161431	
161.74079086515363	
168.24030320161151	
164.62733563496806	
157.60246812977601	
160.87172698084069	
176.91770786506453	
195.86701408974199	
201.32836483057523	
205.53977362800222	
203.46215883615889	
193.10235817946526	
190.47830055617172	
190.31064449095373	
196.10584785256327	
207.31677833138841	
215.80959990080333	
211.4195434901977	
213.42877747033441	
213.41878192039138	
212.20389245902069	
212.6829246475728	
197.33925233437611	
191.70883150717538	
197.09423968704098	
195.5267049690263	
188.84384042747436	
176.33357720855614	
165.92851119705466	
163.58487936682553	
167.56275837808172	
164.91633619215838	
164.9644332422325	
161.15750458830456	
170.73904309883179	
172.48748606667706	
162.21732154567951	
171.1904943827289	
171.23909029099806	
176.96580476688442	
183.61326074984572	
180.68793477810107	
182.2605111049599	
179.97483482435902	
179.83256764955067	
177.52453450445887	
170.28228059805247	
173.30459256205552	
181.59181002626752	
182.44967633440493	
175.11389992417094	
174.79447150960092	
169.14588095889658	
166.07080555297563	
151.69985072711086	
141.61204958035998	
148.68527636609466	
145.1263708140298	
143.4594349881892	
144.17079968899446	
138.67859033906731	
134.00939275526477	
132.61703243653699	
132.77113762642884	
133.30854380260001	
144.07237867245044	
146.82078477005476	
149.13207771598076	
149.12746066144126	
146.32048511883153	
154.97344929199565	
156.58732372214249	
160.3673184071186	
167.28570760292024	
160.24400147391555	
162.1472011554192	
158.64983695616584	
154.89454303461801	
154.3543847256577	
149.00929980130405	
157.0069290837483	
164.87145237565514	
170.81710733164013	
180.72879461316055	
173.45044692888689	
167.83817572522889	
170.61717132120319	
156.20764420449416	
147.94440003967316	
155.11993852564999	
152.8814509831592	
151.89061616611687	
159.50199307614878	
153.63666499208091	
156.79983998936422	
156.68483942392928	
151.82343750590513	
157.86236339477867	
165.36680472594142	
165.77012397536319	
152.10189899628188	
149.45215337550792	
144.48772333340469	
134.49329365097171	
138.92549125630023	
132.66640382447872	
130.2322594384311	
138.48396036188444	
147.71084829265254	
155.89972330467626	
155.86561141389174	
156.25787723307815	
155.31011542566969	
158.42654905694161	
158.24888431459189	
164.16790230699218	
171.35316424231564	
164.46343544040084	
173.20780550781029	
187.58782382613484	
193.19826134324444	
185.98985156729964	
180.78380085313108	
180.18500467133154	
177.32603463429939	
186.42107331315557	
186.46992981666656	
181.76260699383997	
183.364082030117	
172.40334062927312	
170.55232980299431	
178.06398974576905	
167.51685932029622	
163.61530756718088	
169.03337300453018	
161.46663600131623	
166.52447385759828	
192.77773086602667	
185.11929370830887	
169.73873406140606	
175.83842568501552	
184.7868729073665	
196.76087120123233	
200.44681039959886	
203.34194738227487	
203.57406194332955	
203.40685246174772	
209.00046680901266	
205.41102403832787	
202.45405438802777	
209.65178133488658	
217.87196759065031	
233.37510920194941	
237.70382220479257	
231.61244736646782	
231.11216024984614	
216.19592965930838	
193.20210656763925	
195.29590107086909	
207.40245500431379	
202.13589847714778	
201.73603294008726	
195.2822757410851	
191.5959528530085	
198.74984010432433	
188.09465601637655	
193.74801998565252	
194.83565182403288	
188.05328852094985	
204.29204963251661	
225.93818324645034	
219.8989767328876	
205.89669348911622	
212.15912917194632	
220.28319057305049	
219.04618058522732	
221.09749919411084	
217.86817061968142	
208.38304540830978	
203.51445759650474	
216.57257717749005	
225.27905038859788	
236.49131111830837	
248.55972238297974	
249.73751905008444	
259.2411191628575	
254.07330889730198	
247.43187283659452	
257.49957237009494	
243.51038785845864	
219.26123144067262	
216.49281609060236	
222.13041844058566	
218.01820966605385	
217.99934009161402	
217.84616781600704	
215.50509443625984	
226.24814044221031	
233.93809506014478	
242.30222710578383	
229.83960799451285	
217.51970945338587	
226.11435715775866	
221.26804362586043	
227.48785145952789	
236.3762851250205	
239.61071411717018	
248.93438940086318	
241.28971889832223	
241.37439039353541	
241.49699718046975	
234.81147662213525	
229.07636705380074	
234.85002732605599	
240.35863264688558	
249.04669840972986	
249.97612455687093	
246.77588725447947	
253.67308041721904	
252.55006367641056	
285.81083442641938	
309.93234069565153	
292.6693314262879	
291.17367403868093	
282.58227380631814	
264.12956761113742	
258.47520372800926	
254.24032376012715	
257.3619588974351	
264.70545668735457	
284.73745489229015	
297.92296152039341	
308.65359895116751	
300.9947864033727	
296.35864363168025	
334.43540048047299	
347.49391371527366	
356.89375655760415	
388.69816945276762	
392.47904270227588	
359.27024498820316	
336.72709001927456	
335.45880259029201	
366.41521242217425	
373.42694187860116	
406.93863512378169	
460.57359195121018	
498.20887362970132	
744.89244324536685	
786.49366066175082	
3656.325382074137	
8569.1771591931847	
9557.51321038686	
9731.8030277057242	
10032.320000606702	
9991.0108817972487	
10063.608735641748	
10054.598976070276	
10074.494313390536	
10070.117417522628	
10092.957747249322	
10128.887746612771	
10137.648039458931	
10161.621017469157	
10168.953467638628	
10154.1058315379	
10119.742166485961	
10079.867423392445	
9880.4167135090611	
9856.2242191806381	
6962.4787396217916	
2064.9810487934142	
1083.3165954348194	
904.75130750945345	
602.48006447891851	
598.52784686830012	
539.21729644579921	
546.10524511753056	
517.36797020099903	
558.90891117313845	
586.70041649835946	
817.4345487695673	
871.07561297904556	
3703.0915597335584	
8595.0017467379166	
9566.9914617032609	
9686.8561401963725	
9970.9365725602765	
9923.7753572977272	
9976.1413585491027	
9973.0886954012294	
10008.841021081938	
10005.062670161935	
10036.319997725264	
10069.469742993206	
10072.657994424959	
10089.124786323448	
10095.721765943208	
10079.228894565402	
10041.180769248671	
9983.3492863093597	
9739.6555397103548	
9695.8716184358618	
6811.578348887766	
1905.9532286195183	
924.8908865216049	
791.09301020541534	
505.20592356291178	
501.42540235583448	
416.29102884267405	
422.72927213314779	
359.72071980800371	
343.5843786556415	
325.88659071540627	
307.41118297812608	
309.47703326221705	
273.12155275408827	
258.04704134731458	
239.00570071111733	
228.52970944957224	
235.92765007761295	
207.64115186797142	
187.88832912912451	
181.89734209737134	
174.18036508233635	
162.67515761732074	
156.68518620147313	
160.5319845388735	
164.89426635733258	
167.9238151568799	
168.45738964184451	
171.22518363664329	
174.30383684977508	
164.33636321896938	
159.05076749706384	
170.05396330640619	
175.50626793754566	
178.61758493968932	
190.85720199949989	
191.44270171815791	
185.37468629837352	
190.74569852761795	
187.70994747551353	
190.03356080903183	
195.28094399639693	
199.28699401060567	
200.39391128800096	
196.83452409283785	
186.62838485965685	
189.24776667713596	
194.34637027773553	
202.40023891717721	
211.93331356639425	
213.41808312478972	
195.76558745761767	
181.39875178882892	
169.85125234331883	
158.95000684121896	
144.28953905009371	
135.52089843461079	
136.35659310219413	
131.68612322084687	
131.52502717856987	
140.18396302999736	
141.40779092552486	
139.4986576068037	
146.49833262278227	
158.47783152762437	
176.82765570684577	
180.56746988771428	
181.36083013767222	
187.15274912573767	
178.88621126419889	
173.97008270152958	
178.13015556968639	
173.40264786879149	
174.83373773453843	
181.89755679139003	
183.48339759700826	
184.92761012052446	
189.41302105528158	
194.76640407265552	
196.13588337366519	
193.64427804289562	
205.74260939469656	
215.43592302568689	
208.44911570700398	
195.507587755727	
180.11717283232278	
175.33512355436346	
161.88308471268374	
142.83641186305402	
145.00377037273091	
149.1910487174429	
143.5284701390965	
142.37780229056301	
151.76759247954195	
159.61876848804116	
154.81701352857959	
158.0608992833987	
156.07748037136128	
152.57440961305605	
154.39919736371175	
156.40785536357919	
152.35054161938453	
141.66620418282082	
140.1444445102787	
135.87213939466344	
137.47918813858516	
141.55354394828979	
148.43620984847945	
151.72836928651779	
147.41528436756238	
147.48607308308192	
155.73464686642694	
173.67686834985258	
181.08453336113837	
174.5224968668939	
188.46271851536832	
210.78698902009509	
223.67040491982192	
225.23429557201743	
246.80249439468713	
251.21344934960268	
236.95491337686678	
242.16241056834389	
248.18738597690793	
251.72492801029043	
249.13239057872806	
245.19045309306782	
247.03667691098443	
240.71202059654613	
238.28015311038308	
234.7432445747246	
236.95810632686701	
223.9232627190982	
205.1540663490517	
209.00112021526709	
208.63631908550383	
188.43649571739371	
174.03141944992549	
174.11163209173642	
156.93702816215884	
163.28596082793709	
176.03819209268011	
189.72950211167876	
193.18350532576653	
189.89242121229648	
208.9753837146406	
222.28815463695346	
227.7118789419296	
245.24035107168817	
279.06627957133406	
295.06948682235816	
290.50230075233742	
307.27802654663265	
324.93911967521012	
317.07611321929454	
305.77273880437076	
303.25956764723509	
304.00255895565789	
299.99407375487698	
294.41085978155019	
275.85750412256823	
266.25025880141675	
250.26066384288049	
241.40359063866066	
249.91627026024858	
236.53721156388741	
223.44825208811039	
218.70518209515512	
216.62007659201922	
196.32665455954211	
196.42480169715895	
203.34020364474853	
185.30862357474004	
183.49302212354655	
190.97779546071351	
206.57632003716017	
213.79110184034886	
209.48438807356442	
216.79148503131779	
219.21644684376921	
228.78750014343066	
233.50687560550796	
239.66320350629402	
242.63392601998638	
237.00230682672534	
234.89628892561382	
236.86067566924575	
228.24101944268088	
215.00108614959203	
206.50908209134636	
187.76724586331082	
176.15955206622186	
171.62481030517245	
155.72681187909035	
152.78672687580794	
140.98400070069283	
131.31354399103779	
135.28981312382203	
130.90740080920085	
127.12342121200783	
111.15577662369489	
103.45409813245844	
102.83558269717602	
113.23724918733448	
120.35524201181691	
116.94241201751099	
111.46413902428164	
111.69478298724422	
111.80085237603119	
109.01920579017577	
108.16294530038532	
111.76764795739463	
118.85316223821823	
122.71915258528107	
118.20716207703057	
117.38756588378453	
119.16771306111899	
120.56605193010674	
121.38669702044106	
121.84634273578241	
123.5809034890553	
123.55686361551508	
117.57767878276506	
103.70350521544762	
97.055104259739565	
98.516486030317154	
98.932519881316026	
99.172017975532015	
99.356092518938752	
97.976782687996547	
102.22562393206508	
102.90274495610184	
101.82734016843	
104.74205490959592	
109.35808989410575	
112.06994409168907	
111.27826952910868	
106.98501912124688	
102.38030282035797	
99.648029483990982	
99.695315881031192	
100.32779677190079	
98.327898076114423	
95.066919982042279	
91.651012573333816	
92.701009693706482	
96.090319075687887	
97.75260490284478	
99.839022362215914	
101.30664706416481	
99.860117498816962	
94.217806793711489	
86.334886973816324	
77.809899958666264	
71.119518681321111	
65.453652881005254	
63.319211243083359	
66.136565042764104	
68.243649239409834	
68.674779238489222	
67.758855017860043	
65.06501787940924	
62.31421322877442	
64.286946337065629	
68.46117468935266	
71.231177082253197	
73.965082685540466	
76.794213174871544	
77.463298678788703	
76.502286119713474	
75.184552582524432	
75.106299006208161	
75.963472286447995	
76.870741505001959	
76.530873156741521	
75.110516814401436	
72.513069914907547	
68.543253409264452	
65.340837577559853	
63.29034023262804	
63.986215105036706	
64.738584894029771	
65.645699086329486	
65.021806520868154	
61.069095499067188	
54.054328929187506	
43.894481894801991	
35.006229617081139	
28.424938661976245	
23.86147905858742	
21.885879043878543	
21.694029779039354	
22.011752020920877	
20.153783969165413	
18.016757131383333	
17.267926231947712	
18.370146730223265	
19.224365618034724	
19.972448784856606	
20.051532614875558	
18.949813801091384	
18.203141591937747	
18.033918357838797	
18.471855649714033	
19.695756780888516	
20.563492077241875	
114.58391898305685	
97.269962060642229	
76.949155137675874	
80.903106549846655	
84.941090934027329	
89.174218365816927	
87.715585805255571	
75.176128526279342	
73.559291541088399	
81.63275538287148	
102.82489996167958	
100.55471207095361	
114.00902873962868	
129.87449362586966	
140.28042621656618	
171.86293685874634	
189.01203603019587	
181.13706942174778	
179.75908621485868	
180.31866735694712	
180.05807113805363	
177.47526472919742	
173.80706062981952	
163.98889096652621	
157.34047652355656	
153.63699996858094	
153.93101074049505	
153.8112375785702	
154.01210306843257	
153.01345124238171	
149.12271708531773	
149.89381336028566	
138.74734100993544	
128.82045343283824	
122.58231055998066	
99.03177533814727	
82.881623856058937	
83.208176852090375	
83.174696711356432	
78.373195486053675	
76.932378304509896	
77.481802107252591	
79.805173696512099	
89.871232823779209	
92.370428754166824	
92.998690452375257	
97.989361734360912	
99.183411301535585	
117.14144919769601	
136.72535066597183	
131.07931903165274	
131.49174272322645	
136.89726846389598	
143.8366635562974	
152.27492512455535	
155.00310600071802	
149.87467078049696	
147.5991836046542	
148.94647753277991	
156.15965905444031	
162.59822305896495	
167.65747471659003	
164.73252278431468	
162.13737596255524	
162.11044288618461	
161.57532456503156	
158.42540269870932	
160.04798083061442	
142.8436244891308	
120.98366337759529	
116.13085255910188	
115.30001569763394	
111.5783540136014	
98.833838828871464	
88.737388125382282	
91.670826341243625	
99.226006751601773	
100.71537180612214	
97.825823529485902	
93.054186555804577	
84.365397908674112	
81.549888521035712	
96.878808452691558	
97.132874405009531	
98.854327155916778	
105.05461691397608	
111.12060412973854	
119.45575858818438	
134.33761752253886	
154.27853627338968	
164.4372415742944	
177.32516700983845	
184.34966606915054	
194.57568588729239	
201.22880997575714	
194.17273328354361	
188.20562947436173	
188.72308449748047	
190.74253876389685	
188.05963367017813	
191.88928590754648	
190.89411790591646	
178.32854220308855	
171.15342576802351	
169.22270553785023	
166.94337986084599	
161.15749359848135	
155.40805907378822	
143.65848973971609	
127.38827559723961	
117.2405571336275	
104.3763611372591	
96.85106897046478	
89.321865740820954	
80.63392752662007	
90.161490726343104	
95.726743522370768	
98.345342382174479	
103.44719973897051	
108.92580449348436	
107.49610240457729	
117.93264077607428	
139.03013510966105	
149.20842675262639	
159.47244981376713	
171.77650625446759	
176.11817000380992	
172.1007435919305	
168.12455147960262	
162.07134751229134	
169.88290623689045	
185.54740355884209	
195.26126950556082	
201.55262937907187	
203.57159679361891	
195.56496363905717	
190.15024540692963	
190.31610123751523	
192.04158120231659	
193.37116728880775	
195.97467770041499	
181.05350968624364	
160.2943787238604	
149.83625329356451	
141.65539536121574	
134.17722012433035	
132.50325924220178	
129.90510146529795	
132.33585800471045	
142.47967548601918	
138.4970994388195	
125.63648882014263	
123.14934597471279	
122.0865518948429	
120.62850332906342	
120.34853371010543	
122.42750011083245	
121.28970083041108	
127.7703139065484	
134.75668782936705	
129.38165291027437	
130.47707231805282	
127.04185949311379	
132.3583574150407	
142.60597780105061	
143.77685395065535	
141.42269691318066	
141.02269123971993	
139.390967248263	
134.85400321214141	
139.80038993262772	
143.0316684536044	
136.33067222833975	
128.11520218596277	
126.81839973437341	
126.43721618514388	
128.76667663229173	
133.7676401558696	
127.26851331559391	
130.48633060782927	
138.94475442613512	
141.85793409318154	
150.11407369887229	
150.05197987917157	
149.64265237187462	
152.51487174893236	
153.84494848633119	
162.21962053995739	
163.31236765327384	
159.40568632244771	
155.67670204784878	
153.98017745692354	
156.58067250374833	
164.50401500780961	
166.79749338907675	
165.92280378953984	
164.90635664062657	
159.57735205131607	
150.49555034164197	
138.89027429804943	
137.89113144313305	
134.84154063393626	
133.89504903816623	
135.37671796779796	
122.72123211269221	
117.0868578351209	
111.67153265307381	
114.20179322749038	
120.94093249537912	
128.99081208817918	
128.81172358546988	
123.51775368923369	
132.1726209740707	
143.77447131927485	
151.04789252831975	
151.47667852184586	
150.04021990225874	
161.19745523045736	
171.8395483846661	
168.27231316456025	
168.5830049290247	
171.01927610902209	
163.87222817253272	
160.60433683614576	
162.03291332004326	
152.59989292924013	
158.44150411612094	
151.72140619031433	
142.68520496525747	
147.23548688990715	
158.92365618289239	
160.14466446240215	
152.85132058241467	
141.22073243242835	
131.87846298639965	
139.85901170790396	
140.81288188696291	
126.78041746546873	
122.14628991987243	
123.95481451410346	
131.84210835337137	
144.22717566741875	
149.95003135810842	
146.45738928404546	
147.75486868572145	
152.91549564146641	
168.78308833305221	
195.08700918920189	
200.45871242153677	
186.84001280409529	
177.00385269979438	
187.8536847103762	
197.23837699759875	
199.52286953183258	
199.35227186159506	
194.00326955096671	
193.46317097232551	
192.58227100491013	
187.01155217101257	
186.10955326119839	
176.16533228926949	
185.76119676347537	
211.28491474273252	
231.11219498280946	
226.27405989789995	
228.46465940993011	
208.68142549334968	
178.51886513244261	
180.89530458472791	
185.68166027491193	
179.70875088591541	
170.02748478636789	
156.36619860850544	
152.31723697270783	
163.13753986832737	
170.34188746537765	
170.91740533471753	
176.69910264409182	
178.14829565144365	
188.16387686942545	
205.03274032659476	
194.16541183200823	
168.65410592512643	
155.85310909425613	
169.42189942620018	
182.7383372496428	
188.73931138531611	
188.63495695224	
182.21781580908464	
179.38447953122417	
183.72057695609337	
186.14974035877495	
185.73719087064816	
186.31095404809494	
201.03422343626551	
212.99592800158783	
215.45411280461968	
208.82567353119862	
213.16600497543052	
205.90267860637877	
182.89783568580253	
172.81733620750603	
175.76709149340527	
171.33120412656461	
160.77488068844161	
146.69438706833179	
137.75271501167973	
143.88296164829907	
150.3560650031165	
154.75718456354534	
153.47494059085926	
151.04132648863677	
150.11668340565899	
150.67587130555637	
143.30420463839437	
133.20617487871633	
129.4850183942674	
137.60878343064246	
136.70623531967362	
136.02093703298786	
136.82640411236511	
135.35604997313268	
125.78538174248655	
131.60911591263829	
138.84502539188222	
133.41303723199309	
135.42323472778327	
138.02457457297368	
132.41085866505216	
124.33641157623107	
123.01595055846916	
122.577779545954	
123.44841353104114	
116.01477075819672	
98.862767847529383	
94.333568751701065	
99.77035110020077	
99.843815367373168	
99.678944998570984	
98.388321956333854	
101.73249046491458	
100.40745470831111	
103.22510742071101	
107.86575926486151	
118.16436339517247	
121.11264869757009	
145.5312687860183	
170.69035823918972	
174.34185624894857	
191.12203344174125	
196.92241847365696	
197.20079631188213	
201.46644650240964	
204.0865986374352	
209.37289174352358	
201.78067607215129	
209.67110373140648	
213.81748093772765	
210.52581216168923	
211.94000754442419	
217.02861263266433	
220.97794033409531	
231.83283217251051	
223.46129302735187	
204.40310306721656	
207.15270314941867	
179.44163061712467	
148.60514556440262	
145.96239456552573	
135.91962423654763	
137.88467953086899	
136.62259893453302	
137.28172523215488	
141.83451943558117	
135.99734748705248	
136.0361325037035	
131.75997153473133	
142.15489266280889	
147.53917677218152	
169.57889862792231	
194.8998013367501	
202.59039075875407	
208.37865694097036	
212.18686884295971	
219.39991755527694	
215.21301340520904	
216.99006692989053	
217.32647598519557	
214.23284742152222	
225.10404828534641	
231.73140344871339	
253.4714931358705	
253.69999096595129	
249.52642078392327	
251.47154346514378	
265.83800909208679	
258.49726535101456	
238.36006537003937	
237.25705402633915	
210.99615394168839	
180.88122005472664	
171.18966372781986	
155.62651960030752	
150.68702484842339	
142.27048875176035	
146.23683096430824	
152.30006425056504	
150.95842497575998	
152.1150179736629	
140.76657923268789	
132.35234735136842	
114.26058017323022	
121.33053262433071	
136.59957059260833	
148.59386885565769	
139.59868047411788	
139.3786945220065	
147.26353606496042	
143.37551237438686	
143.48597639139319	
139.27239043412794	
141.26482291907877	
153.44383440002127	
166.95592035953081	
189.2219710910106	
194.95806214535332	
195.69979657963614	
193.93948312008473	
194.35159166326639	
193.20209069766014	
187.95629001172819	
185.06149326391662	
171.40118036221892	
155.25495245613646	
142.10204707370374	
153.00524240760478	
156.18679708150049	
147.58390036735193	
150.99049425574893	
154.28297090725388	
160.43522910007238	
163.02659677919596	
154.65523536163607	
142.60643831031672	
124.88840952418643	
122.33322658927204	
121.70604153558111	
128.55193587259481	
133.52839615365212	
135.19587377053716	
135.37614631704005	
135.93134002530167	
137.88210025766813	
146.22340551079125	
163.80228879461669	
160.21425650824563	
165.80954625738619	
170.60978822188724	
177.37571350499232	
196.28047683687265	
193.69991491391744	
186.56829326087103	
181.70086772610918	
183.78006703887851	
184.51848855213413	
176.94826880311641	
170.86613216635112	
164.56591198752005	
175.68013930113716	
179.18089135507196	
179.17484901552987	
180.43670321508955	
179.71098812959679	
172.53181437445932	
165.30796921855151	
157.6561381115994	
146.52581319773418	
149.68210489080928	
141.14377014096959	
119.83820371596879	
121.88655388129332	
129.84483150522041	
134.57257620463051	
128.52659798958115	
128.68640836506282	
128.27744480608985	
147.63084435233517	
166.6508294971826	
152.60691473655083	
152.3112289836275	
153.93686933679649	
163.43223237313859	
183.95851534402971	
196.19680058319645	
200.05039969199359	
201.25038832282499	
210.10345673096396	
214.9443249990095	
214.19387506133023	
213.92809570982541	
210.7363750736111	
210.26243660253346	
209.11299169892521	
212.80597179089409	
209.00115159851791	
209.02943622868443	
189.66949387709275	
174.75696051379762	
171.92796628785217	
169.04842886673688	
175.38207110086202	
165.93833840849558	
150.94883392197039	
139.07238275356653	
126.8822093612404	
126.63793735880192	
115.98995468483864	
107.27425574220003	
104.6504657191953	
119.34908543321839	
123.99900433904349	
119.28168214409156	
120.17050845139946	
116.17533031411534	
125.64821246992379	
140.77855699764723	
155.79126166847971	
171.75938133650047	
177.01511947862508	
179.80102466281002	
183.75819262004853	
185.23651010469007	
184.54443172258073	
184.54499786995711	
193.14424228878462	
196.06402171294098	
203.19457227172904	
211.41455340977666	
214.97036193531022	
200.48083418360486	
193.95774763744089	
200.2259976276699	
216.18867531953967	
222.18252981118562	
211.86279464075315	
202.12884853116628	
191.47263594364202	
190.32827516756254	
202.18038429021445	
193.32727985015933	
179.44889876487889	
177.55155593248739	
181.34740257649449	
187.04500593614071	
184.37247485452693	
186.50247412891812	
181.7674820179918	
171.69960080937128	
179.6678394371547	
189.94946315744002	
196.31556097906625	
187.82763808412363	
169.55189581742968	
170.85533146159165	
173.05120130572175	
173.80005610846504	
172.60492176737949	
164.93614909607311	
152.79283963741827	
156.58374408068849	
168.02905564596745	
170.40301423954111	
159.60609853180637	
152.93361977792748	
156.63232684093936	
164.169298916434	
167.71131898959092	
181.19399975572009	
170.89044783981976	
165.78452644321621	
179.97877532987638	
198.80756010772984	
194.95909922791412	
192.60910616289604	
200.67830840830479	
200.42509012264941	
203.4589719835671	
199.65003775607778	
199.21948760796533	
196.90005296789423	
185.2391937760913	
183.72343351035664	
195.0081068763447	
201.4093900728553	
189.01700968611323	
174.86852244245114	
176.87940137534545	
169.59558892424354	
172.50685411575265	
169.4773826969857	
150.62423394529873	
131.98372448120651	
135.1515284107677	
139.34156820470116	
139.00767818376082	
141.52708187667074	
145.15004377110202	
144.33769364505545	
142.02435369562761	
145.40099970218191	
165.68176392814146	
178.38889264743699	
181.70271535884311	
178.84063199037962	
185.11935046844792	
181.87171743952521	
182.101457008208	
182.99872915345441	
181.39072071114802	
184.12397205202421	
189.94029287316471	
195.49562254058642	
190.97201078803536	
184.85428246572766	
185.74552103553796	
190.67353754362981	
190.84558390474336	
185.34299572277052	
185.85481513742801	
193.12667963296306	
183.33576933062605	
183.94989759305827	
191.50156388066597	
185.86882685576984	
208.13406500381174	
229.80143777264601	
278.3200551195593	
332.40105471478063	
391.83925055930143	
715.37759500291247	
766.13839766505237	
3939.2407188136995	
9372.2810268741068	
10440.465658145922	
10606.407617549543	
10960.920242886959	
10955.329993400717	
11030.793062777184	
11029.746594667529	
11054.6436092857	
11051.690949778638	
11052.445807361688	
11068.689100818381	
11080.072886138341	
11096.432344649626	
11101.502977184315	
11052.595904358224	
11001.82477680661	
10950.12060835903	
10632.880047270735	
10582.858811336626	
7404.1040865756131	
1978.8488640642915	
912.91510080118712	
755.0702333862904	
412.56212171936716	
406.90600241942803	
361.08055082526789	
383.08674790455177	
396.25351042711026	
444.38093076531635	
479.55396269908596	
765.37779856229861	
811.06668754355451	
3941.3866937824332	
9346.360323015926	
10409.840340120174	
10561.461486452537	
10908.003962944189	
10899.876275576951	
10971.763802844182	
10975.203949662906	
11001.864148350176	
11005.249455416681	
11005.443034263473	
11013.311815770585	
11024.081177625432	
11033.146836282145	
11036.748998631394	
10992.104133058729	
10940.270838959428	
10889.12438110559	
10573.27344831273	
10523.277248994436	
7346.3324758453855	
1916.7568333343543	
858.36554721810091	
700.62794788686915	
356.98270205443146	
357.09349444971178	
282.47264192549466	
290.94575278377715	
260.80168090715893	
255.14353210208299	
242.41475504348887	
211.5749362376086	
207.67794308521653	
178.91230996505618	
154.91672131437326	
160.77436546600865	
169.22459512019904	
166.3007138003822	
173.01407062592799	
189.97485495631659	
195.1122124818921	
196.30168893068671	
194.21107578755235	
192.48699090835197	
183.71728312646204	
190.24704893531799	
191.11659095720057	
182.91228452369702	
186.77246992689857	
186.97821116051202	
183.72748601261929	
181.89511300258124	
178.2847922455764	
176.22191244756002	
179.14419836061228	
176.04848950351931	
165.09235077075056	
179.26440517953574	
178.258823588708	
160.36010995286989	
186.03141988612194	
200.30349402366605	
191.21144500377875	
198.43752515722454	
194.52277011036304	
193.9986168889036	
210.28088425308383	
209.51669272271462	
211.20385356530326	
221.26175787356783	
216.4973423625232	
227.81621132303977	
244.14116917602922	
246.09431407691915	
256.46466942232706	
260.65175630517319	
270.36000866643536	
266.85806018657377	
259.92691539830042	
263.37602361831841	
244.50619550684411	
234.89577149716379	
237.28764565692288	
233.00269072906215	
241.86925570224224	
237.81315763149894	
229.00616795722183	
240.74517685594944	
235.88644252169482	
221.71387289993496	
230.5103113129677	
226.60588290381187	
211.87009849306511	
224.23460889396225	
223.82866124082028	
211.31525838505914	
205.82477057378176	
200.36052120384952	
202.98339951796061	
205.68358985200157	
193.38769793276592	
189.20600537846335	
192.78382036865708	
193.31086659079483	
195.4909582174991	
193.35284973577805	
193.67521120572488	
202.26824279512809	
203.57453380590928	
212.67585643286171	
212.22141112571032	
206.68761782919	
208.04010924481224	
189.96898865682846	
178.54168002475785	
180.6326527832679	
181.9549046058778	
190.2882509988205	
193.92150102196516	
190.46294357655322	
202.74515492358992	
209.24916899972081	
204.76676623411805	
202.81819899837251	
202.25257258032246	
205.148096162016	
191.85271647859258	
167.17735113658216	
163.04310011848614	
160.50363066403756	
158.69723549519395	
159.57327937073558	
166.10534049294958	
166.56569133159053	
164.5392935573384	
168.51318344620412	
171.20816011769412	
176.63751643528838	
184.01959604319293	
184.78872633844804	
191.64458761415813	
192.49920626666105	
192.67032947174721	
189.95510904448304	
179.27209495511482	
173.33352107834605	
173.51189378122763	
185.80413350142661	
189.13713038811679	
187.52328995676484	
192.99809189119054	
198.96541842518295	
197.06916875924082	
194.6448132947547	
199.68327258270608	
199.46137309007557	
195.65655514583179	
193.83386346947296	
188.51438265482622	
186.19248280311146	
168.0201285548255	
163.12686457358768	
166.02902653380534	
170.03247148402073	
179.90944169768946	
194.55662270875624	
201.61614810336678	
193.03837578961355	
195.38866016866507	
195.22895503763405	
194.0862009692971	
200.87179033776539	
197.063682723862	
202.56038563340425	
212.28309527366758	
219.9049896919677	
220.93991302757436	
206.07506388243453	
192.10593389580117	
194.00978665942085	
210.68869458673956	
206.65992617295228	
203.2577212027856	
202.21051542653231	
197.3110709863565	
188.75879172452485	
184.93280076357806	
184.77610875557193	
181.74189152537977	
179.98453589594007	
174.20516731212754	
166.06497347875302	
166.19460738113946	
159.61678215808845	
152.10634695556121	
143.46330994426597	
142.44634453418098	
152.49584075768536	
163.35193223807883	
156.36668904668019	
141.21531534634173	
142.21594986004399	
142.57727409634148	
136.92705198891343	
133.75375335719326	
129.51379441623334	
127.15254194383991	
133.01534354527695	
139.5471923247475	
145.15512971101055	
144.23312828723388	
137.02230621141982	
140.91800590238606	
144.31130724336546	
135.00460134699853	
132.25319778920647	
128.89504928953608	
125.91179216608759	
115.87838814799319	
115.06952829498678	
115.72832340864632	
115.47237968097888	
116.70419726718784	
113.75187360294443	
114.69247042470204	
117.42138031852458	
119.67464881641556	
115.97637293592385	
110.00660222299595	
101.62665223300915	
100.05744351596918	
104.95916994795684	
95.678740534423639	
88.590381252078231	
85.059246621668677	
84.335276667320073	
88.117400496893723	
87.468040189999243	
88.124609301896939	
86.829668957905497	
88.945868740859481	
89.7410928017309	
91.810921344323404	
94.811913899905576	
91.958585591746655	
91.698899127575729	
89.069905996443168	
86.603689916457455	
84.085026109748753	
86.157177485323942	
87.91035100855234	
81.224592635172641	
81.36336658746005	
82.841062098768333	
87.576870750429677	
92.000714300956815	
86.003613021693567	
81.980314518439883	
85.034855987738595	
86.135191599960649	
82.051185502152904	
77.686638167315209	
71.490488981120336	
69.453800607933161	
67.570186527402853	
62.116961105058479	
60.488630471600345	
57.110507351410142	
58.429868659970985	
65.071293751986687	
68.027066598698681	
69.453560857875075	
68.287484456090567	
70.446292889186495	
71.4048552180424	
67.261467731662449	
66.537222085761954	
65.053303704859459	
63.576046336412723	
66.399437073905602	
69.062242895388394	
68.647300672411717	
67.957094379327032	
68.733716298158683	
70.049476150487493	
70.385260221239349	
70.272114607966628	
71.033401537422037	
68.249223444647157	
60.3760679531402	
53.190316601806792	
50.488581187375807	
49.203155538121464	
45.540214465481462	
41.166103780074771	
39.8470275713224	
39.552367584922898	
36.137161065696915	
31.307276002599043	
26.999089031153925	
24.499815793522373	
25.426284100653618	
27.219602510444989	
27.729560285867013	
27.715950207739226	
28.18365266538374	
28.679465216217434	
28.371894636282569	
28.111532284331215	
27.85725650750101	
31.378694419191156	
35.956442996892015	
39.965620401549515	
43.848381052304333	
45.872560646840171	
46.574036745195222	
49.034790533660683	
52.396703706346962	
55.381234321695572	
57.344177915096374	
55.099823369573492	
50.818459002199141	
46.467034760517215	
42.867714534891419	
40.437065727516249	
38.597814319742042	
