121484.00954557848	
-92825.084463235587	
27751.316886092369	
-3982.6215586130011	
252.74727919837775	
-3.5392538784524086	
0.41799239746837769	
20066.120242276789	
-14027.482810849402	
3526.2693356398663	
-340.13073762218829	
0.67589875920945375	
1.1191069333559376	
0.02812011176435476	
-33154.783568381943	
25176.300543478374	
-7322.2904965239004	
995.12388764701939	
-59.644561826998135	
1.1723526351008473	
-0.0010689584512470201	
22396.559524536849	
-17038.244001902327	
4935.1712545341825	
-668.28964567240416	
41.427609973302566	
-0.99503160803403479	
-0.0029484525589788175	
-12043.959970822334	
8853.5277846654844	
-2468.7816478564391	
320.33763865110893	
-19.239425351491601	
0.43166796850507977	
-0.013258627976078654	
8288.246774687721	
-5944.9314129307804	
1623.9355478296477	
-209.97811874752699	
12.992967519207236	
-0.32382230516233568	
0.011191428890476115	
