3377929.8628096813	
-830939.34368866147	
80108.48792510372	
-3766.5298451929611	
81.00777454903357	
0.96969949871215599	
-0.95826397178406697	
-2711982.0777189508	
622692.9389615379	
-61607.766432002238	
3397.116520791571	
-125.12359548112573	
3.174330479930271	
0.012253870871188557	
1266019.8599861369	
-233928.69182910674	
17496.182754665355	
-603.56041601549941	
10.522017254491741	
-0.29475995357574875	
0.016259779622686498	
-261182.78801563667	
24747.986060321447	
1158.9472008140438	
-338.38124634378016	
22.882886559456679	
-0.54362525198879497	
-0.019489110099221763	
-419588.12315543409	
112359.08487170923	
-12237.048461270608	
713.5418758733382	
-25.387617974326151	
0.46165281059432972	
-0.014037039771414054	
-178247.23005605704	
49970.083566951391	
-5171.9076251806964	
229.5166367022037	
-2.5972871592100626	
-0.074336615247539845	
0.014706497796430235	
