2447.4135181491251	
5762.3922540901776	
-5164.7672498908796	
1563.7271799258999	
-202.63599708050015	
5.7567420695949965	
0.8383053210901571	
-21306.580900091049	
18284.1127299531	
-6245.509265125932	
1060.6108273277562	
-87.34511200588409	
2.605806556183798	
0.037174826265741222	
2897.7529264865129	
-4104.2946107060961	
1976.9362444455749	
-431.07398436871205	
40.751770207660115	
-1.2212312535136995	
-0.0058030296681674575	
5165.7475933371807	
-2149.3408860875829	
22.061544096554407	
93.486870060359237	
-10.806866128008737	
0.33734545012642214	
-0.025672621057932804	
3340.3148973248244	
-2893.6578190429709	
1010.7584378966171	
-169.82549647050232	
12.104434556582103	
-0.38017011722877408	
0.0022544264975014874	
-850.45730327491185	
964.96073361679566	
-406.7787529250661	
78.254039454242204	
-6.6226714947211853	
0.22631783880344017	
0.0083164037067818882	
