19068317.019073915	
-4284196.4452134268	
405587.10904007242	
-20639.128086321223	
689.97482935045139	
-10.549117130968179	
0.49267520525805797	
1882181.6073360136	
-498219.25130948506	
53819.165544680203	
-3003.6010885597916	
92.351838797215436	
-1.4040530450587396	
-0.0027048913149870148	
-1392900.9419696932	
342760.06015510939	
-37929.169431732967	
2434.8798316978327	
-99.145800759659522	
2.0287566882900308	
-0.0015841113235699734	
-527864.42881377053	
98745.866309405261	
-3832.6561437887567	
-356.56005182162937	
39.377507002682727	
-1.1443601290405048	
0.010603639183723809	
1302653.5806711074	
-293486.7601006371	
25146.557838512766	
-910.87024592641649	
7.5417080015879145	
0.31535527113732609	
0.0056192639622742241	
-374589.83996329684	
78555.328738176642	
-6223.4021467114526	
183.75197426589386	
1.0315487192788764	
-0.19202194597419317	
-0.0069612824955852517	
