0.0	
0.0	
0.0	
0.0	
0.0	
0.0	
0.0	
0.0	
0.0	
0.0	
0.0	
9.28765271493736e-006	
-4.85203051218873e-006	
3.48200398082543e-006	
-1.10420248597822e-005	
-1.10274682594541e-006	
-1.3608771925254e-005	
-2.26208198514293e-007	
-1.01179015490666e-005	
2.12784979926113e-005	
-1.11176669115618e-005	
1.87538391393641e-005	
-1.68229292136843e-005	
1.30952320776397e-005	
-2.34570826254086e-005	
9.27649996493203e-006	
-2.57761224730254e-005	
2.68875809096691e-005	
-2.93472627712408e-005	
2.57957100422296e-005	
-3.14211282860204e-005	
2.73446593158475e-005	
-3.05890625224999e-005	
2.99084809500704e-005	
-2.74912506827388e-005	
5.03237862443931e-005	
-3.43861576671322e-005	
4.2102487435086e-005	
-4.90340637636596e-005	
3.0429616170667e-005	
-6.21380500934081e-005	
2.32602673842754e-005	
-6.1901433969865e-005	
5.1028546019084e-005	
-5.46953101448326e-005	
6.55687769686885e-005	
-4.53122246030221e-005	
7.87630092880679e-005	
-4.2332507803583e-005	
7.90842170253867e-005	
-5.13836753648045e-005	
7.29070100645632e-005	
-7.47541252050923e-005	
5.0884804623656e-005	
-0.000101596478393329	
3.75605634725742e-005	
-0.00011596847484127	
4.30165303411798e-005	
-0.000102897560193641	
8.67080019190533e-005	
-6.53202634354683e-005	
0.000139241638951701	
-2.06445655072662e-005	
0.000192431409253366	
0.00166156803373631	
-0.000908002459481846	
-0.00127895278338505	
-0.000944878836760451	
-0.000886324514380599	
-0.00090918661668458	
-0.000341627368242924	
0.000881109876213101	
0.00795126755507893	
0.00356569624403033	
-0.00136123281001988	
-0.00320548445092464	
-0.00642370505672224	
-0.0130374506581312	
-0.0128860884956377	
-0.00989169011418562	
0.00142901118363156	
0.00271152723475296	
-0.000369877697493972	
0.00568413698077559	
0.00808265758780127	
0.00262223586347798	
0.00144099022558946	
-0.00152055367818705	
0.00199115715168273	
-0.00550321898342655	
-0.0154855083758824	
-0.0133700142495863	
-0.0100414698271701	
-0.0101522431365864	
-0.00210055415586665	
0.00623107339706388	
0.0208337374428721	
0.0204012004269503	
0.0121599656062757	
0.00916619570961449	
0.0009166983126613	
-0.0158483510284045	
-0.0257480972256248	
-0.0331943635327566	
-0.0256020021254947	
-0.0223515008500556	
-0.0215306523399344	
-0.00544824263576646	
0.0131577830346111	
0.0248831567608567	
0.0422842848014117	
0.0522737908625551	
0.0507846345591319	
0.0393706052911905	
0.0135670250957655	
-0.00976392393692544	
-0.0368284751707077	
-0.0643562451627542	
-0.0859945785031255	
-0.096703299273225	
-0.0918914175975443	
-0.0648218403053515	
-0.0178520546041955	
0.037906672369252	
0.0989402673354578	
0.150087131497407	
0.184804210637279	
0.190626779218978	
0.15831695725248	
0.0738822662506816	
-0.0526197852610945	
-0.22120069365456	
-0.413929906673588	
-0.615769044751571	
-0.79788761363151	
-0.942416715804381	
-1.02876336016449	
-1.04993642671043	
-1.00485777523954	
-0.891979575657207	
-0.729893766440152	
-0.545985856279364	
-0.354019584803192	
-0.184781607885145	
-0.0608444844552776	
-0.00398407928597448	
-0.0152606249239572	
-0.0825935176276904	
-0.1917246685952	
-0.319660286998796	
-0.431408547882369	
-0.501163831348724	
-0.505979303646379	
-0.440096645812497	
-0.311088105333572	
-0.129946993361275	
0.068608276436969	
0.242285533825695	
0.358675980449049	
0.380268635562089	
0.283698123781085	
0.0566642479019704	
-0.281970836591892	
-0.689380921987513	
-1.11619079726166	
-1.49491194341404	
-1.76031599285806	
-1.85170475162681	
-1.72342897095849	
-1.36299390915446	
-0.786335316270006	
-0.0289121896807555	
0.83415996517366	
1.71445147167339	
2.51576161125307	
3.14622778715514	
3.53511147111584	
3.62794833393912	
3.41067814890131	
2.9210553726779	
2.21755397695403	
1.38720736566773	
0.538107128206729	
-0.228315457729261	
-0.818281781859662	
-1.17318306979193	
-1.26778165642683	
-1.09907121488895	
-0.715012014338041	
-0.191317971376503	
0.384440977621233	
0.916675580372392	
1.32497419663399	
1.52708230236292	
1.50983017585487	
1.28123462438679	
0.880348736678293	
0.373440101887977	
-0.144704201663003	
-0.589143160674178	
-0.878991136081414	
-0.986182724632416	
-0.873799835912171	
-0.544216596578746	
-0.0596892248510535	
0.507265433022741	
1.08854246393202	
1.58162140619444	
1.92050220492547	
2.02630249945457	
1.90344789533563	
1.58080092573572	
1.08013460182823	
0.478477435981935	
-0.121423232956235	
-0.65041416605667	
-1.02537830816731	
-1.2095780182142	
-1.16892285862846	
-0.900546346616812	
-0.472300485920567	
0.0543021768312055	
0.612628449206342	
1.10350278855394	
1.46161615051144	
1.61261500392849	
1.54720047790215	
1.27336210773853	
0.806636937259145	
0.210903505767162	
-0.429283250973881	
-1.05151923475027	
-1.57248897994681	
-1.95455873694631	
-2.14420706472961	
-2.11853985351531	
-1.91457022063437	
-1.5651250515705	
-1.11302324163834	
-0.638759534701095	
-0.203175631380709	
0.161125367238823	
0.401760575246334	
0.519655348085987	
0.503690832907726	
0.388053321487577	
0.212095808210889	
0.0278220968596004	
-0.126950575099108	
-0.194924532377736	
-0.15821078336692	
-0.0327529272993661	
0.183755899506106	
0.457915723071436	
0.738160868591485	
0.979350520138034	
1.12980980713297	
1.16283590506535	
1.07839652368905	
0.848934017013684	
0.51531385721895	
0.11448395523072	
-0.297071809626043	
-0.667529581327819	
-0.947539599574823	
-1.09059621835069	
-1.06682068805793	
-0.880173747953887	
-0.556185153831257	
-0.127490358157097	
0.355498058377007	
0.823173200111737	
1.22433869442085	
1.50745343885271	
1.65845391736907	
1.65450525968115	
1.50280866216533	
1.23315140656777	
0.890871286579815	
0.515246178475127	
0.158605138039039	
-0.147410564554035	
-0.373234340610848	
-0.49337286543396	
-0.519927273577509	
-0.466183259107789	
-0.344991283836985	
-0.198808364621635	
-0.0500456283063524	
0.0692410087763317	
0.148362009490661	
0.19258411658582	
0.198725107485193	
0.188821504436219	
0.17912013423528	
0.193885150274431	
0.259550583614508	
0.379561676446086	
0.562232675459999	
0.820246778738016	
1.13167170755645	
1.48255074239505	
1.84620366753255	
2.19565056595558	
2.50295877674084	
2.74381476344262	
2.89888652502849	
2.9717788730022	
2.9451531528833	
2.82520617029333	
2.61863163841878	
2.33818901256495	
2.00875043924192	
1.6401249916388	
1.26233764265499	
0.903061965447737	
0.577962107356763	
0.304024209998734	
0.0984501282393062	
-0.0380463618840317	
-0.100267667974374	
-0.122580196306288	
-0.0965147040113383	
-0.0346437060967292	
0.034396549572727	
0.0877344457463783	
0.127474454402075	
0.124937893626201	
0.0776061771039389	
-0.0436145580190124	
-0.222114588747447	
-0.419122841864697	
-0.651857303466277	
-0.89981317991979	
-1.12818863736926	
-1.34070355508917	
-1.52290594265117	
-1.6809036897106	
-1.79197324175054	
-1.8395415643937	
-1.8535134898872	
-1.83192159344835	
-1.77081515949894	
-1.68544524130477	
-1.57602666007499	
-1.4577354776926	
-1.33371217297309	
-1.19390802226424	
-1.06706310416681	
-0.954005366212115	
-0.850110368713234	
-0.770369252996194	
-0.71608192728203	
-0.70095373020777	
-0.708393571027382	
-0.720991343176314	
-0.739806502372091	
-0.746724257218297	
-0.72567437727336	
-0.667237679036052	
-0.550547752917212	
-0.394841074492365	
-0.184271484910905	
0.0763340827020448	
0.352808334343356	
0.615741324442968	
0.847440940556526	
1.01104317252801	
1.07840331189762	
1.04899155367154	
0.897717639998654	
0.660740955904709	
0.340927524102185	
-0.0286920132581819	
-0.404052850815253	
-0.742480300033544	
-1.01104414746112	
-1.16584301827745	
-1.21484158859486	
-1.172322603834	
-1.0307381363623	
-0.832457459050013	
-0.612048773717281	
-0.396601046557776	
-0.220000062866741	
-0.103436636573458	
-0.0577934409755426	
-0.0844058354799547	
-0.131139861330335	
-0.172502868812563	
-0.162647608302357	
-0.0693873131791241	
0.128528619522537	
0.451422518314448	
0.868842201996379	
1.35436939211228	
1.86244899636534	
2.33337379210485	
2.69601478313454	
2.90289427178483	
2.91835991368426	
2.71794810974685	
2.31954143777195	
1.75239646582691	
1.09246862317263	
0.412901388299277	
-0.20414682768527	
-0.687327762998652	
-0.981852654328118	
-1.07064531737105	
-0.949569192841233	
-0.643113994733806	
-0.219876090748047	
0.244805124018219	
0.67937007918222	
1.0037578065151	
1.16136958252438	
1.12758724225292	
0.91070595789837	
0.552495439366223	
0.0960536915354831	
-0.378555750377801	
-0.800612480076553	
-1.09111963833212	
-1.1922407403352	
-1.08929643251213	
-0.776114013292927	
-0.28536093852229	
0.319078889654097	
0.964533693317758	
1.57160295044381	
2.06285741843469	
2.38112390270032	
2.48078052899366	
2.34060803530781	
1.99466458430675	
1.46963344583359	
0.822743010499771	
0.122617206476561	
-0.561329664338984	
-1.17149277678636	
-1.65664782173422	
-1.97836877409946	
-2.11698554461482	
-2.0774668886878	
-1.88010991926526	
-1.56180423487957	
-1.15714705019714	
-0.708158594646502	
-0.255782027343242	
0.182079261090759	
0.573890329433371	
0.89150924361771	
1.12008304779006	
1.25776603965867	
1.28672807115843	
1.20807439567614	
1.0258630265249	
0.774404887985647	
0.474082836184344	
0.132271071239608	
-0.211894334253406	
-0.523098313681948	
-0.779245330160339	
-0.953742381290998	
-1.00198399156172	
-0.912265067432405	
-0.681810431517332	
-0.333416900544636	
0.122523201302802	
0.6480322902713	
1.20387334910843	
1.73682334482045	
2.2154752506206	
2.59700381909455	
2.83742097868366	
2.91994327967863	
2.84282718256419	
2.60321257835431	
2.2157836341772	
1.70668911463982	
1.11472336453223	
0.483514231114608	
-0.165099894215445	
-0.790421119574424	
-1.35770893049647	
-1.85142304071741	
-2.24902444865799	
-2.54747890303769	
-2.73015883395657	
-2.78852482071734	
-2.7332895086454	
-2.56709609269428	
-2.28533823822732	
-1.90156541695397	
-1.42890144725251	
-0.880650960057437	
-0.277860210115927	
0.356113914718643	
0.974156917099828	
1.53355757684485	
2.00635083509067	
2.34877673791365	
2.53018790988947	
2.53260414220044	
2.34837820057409	
1.98019710020305	
1.46978901867522	
0.869406839212305	
0.236285692493096	
-0.353581172963045	
-0.842017013365232	
-1.17587784761648	
-1.31715900197636	
-1.24838467837211	
-0.977719952475578	
-0.544463107554668	
-0.00471391611156471	
0.562787749880434	
1.08438375408541	
1.50149582066187	
1.76344911752465	
1.84786247876448	
1.75538436639944	
1.50264795680941	
1.13936863142769	
0.714246646792713	
0.29364902807367	
-0.0761081334828909	
-0.354704901361792	
-0.516433744015527	
-0.561536355127984	
-0.5141124476507	
-0.410213876951765	
-0.293525972854252	
-0.204987889400547	
-0.1723535760792	
-0.217023657880691	
-0.320876570885055	
-0.477638708576769	
-0.659386613714723	
-0.826012245847162	
-0.938029087648812	
-0.97326608770459	
-0.909371640774707	
-0.744063022014316	
-0.499463718174255	
-0.194116863682896	
0.132487355075057	
0.442687939189336	
0.713589030510962	
0.915733768182546	
1.02632735632001	
1.03929645603276	
0.961821869668305	
0.806204520813522	
0.58974178627431	
0.326231893069357	
0.0290068972052024	
-0.289937688640309	
-0.616838883426165	
-0.937677237650227	
-1.22600140597671	
-1.47046617519815	
-1.65770818648571	
-1.76552030476884	
-1.77585861542778	
-1.67539272441156	
-1.45725398607841	
-1.11730958002854	
-0.673998772491476	
-0.169278860941756	
0.350120672767208	
0.835719830086067	
1.23074781475193	
1.4962720209114	
1.59191272990818	
1.51155770687266	
1.25878894497215	
0.851824430243826	
0.346689080486387	
-0.198168908683522	
-0.720817676617889	
-1.15933159412649	
-1.463672834837	
-1.59183621643146	
-1.54104957409157	
-1.33498074901644	
-0.995431457718634	
-0.578905320673109	
-0.140856876802492	
0.258922220521857	
0.56744740591925	
0.75808343577399	
0.782641260532453	
0.64184351825896	
0.36066938456876	
-0.0335600103629031	
-0.507211720792031	
-1.00779670251301	
-1.4905773870974	
-1.9132888071941	
-2.25118938030282	
-2.48256055367561	
-2.57287352420114	
-2.52590158058841	
-2.35158675889284	
-2.04776620891901	
-1.63720229203375	
-1.13261491352496	
-0.576555206330775	
0.00781099012768765	
0.59769747601577	
1.15080731211246	
1.62994960340292	
2.01294500374539	
2.2724865822022	
2.40910392515913	
2.39254696354347	
2.23801743811161	
1.97038312620982	
1.61749656559264	
1.20351117856457	
0.781083017196667	
0.381005086657481	
0.0440161704321575	
-0.197112921825519	
-0.346521459840028	
-0.380741836954222	
-0.315938541954785	
-0.185776035949899	
-0.00588584531622614	
0.182110560397593	
0.35331005612858	
0.486459603759562	
0.557544840767438	
0.548181968661105	
0.463457548087714	
0.30338399359108	
0.0821031733958503	
-0.182534722417719	
-0.456400344379522	
-0.727477148328441	
-0.976111137214791	
-1.18618942274504	
-1.33845708749219	
-1.43341373138146	
-1.45788052205796	
-1.41417110705686	
-1.3199592222183	
-1.17436544268044	
-1.00968518344672	
-0.827894467973892	
-0.648656909961319	
-0.483699827517255	
-0.340126725322467	
-0.231998664914379	
-0.133638282009224	
-0.0609482752444533	
0.000292397857323642	
0.0522988320933045	
0.112966833698846	
0.178188266948361	
0.25941050829773	
0.365365356900988	
0.463627801050177	
0.561324033176823	
0.6205751492603	
0.648432971016848	
0.628633803203243	
0.557138118095514	
0.428950264302242	
0.244047011119051	
0.0288122624340448	
-0.212760194370998	
-0.433613205001189	
-0.62541159017551	
-0.759801801467686	
-0.820171843330969	
-0.804334280647313	
-0.694325780799676	
-0.513387366763752	
-0.259998175832239	
0.0293680305410657	
0.335746781019419	
0.634242842093108	
0.900789960544638	
1.11939021282965	
1.27895853584075	
1.36009141122977	
1.35401730459168	
1.2822710564755	
1.1568317102501	
0.987949958790051	
0.80337961882892	
0.612954936003536	
0.415740721079699	
0.233955198757646	
0.0362302653574866	
-0.174448667989835	
-0.409621356764957	
-0.679930823338204	
-0.9897367215188	
-1.32680837711578	
-1.65861317146635	
-1.96637010772933	
-2.20261055193921	
-2.3394093264236	
-2.31171627291388	
-2.09174454929284	
-1.67150813408735	
-1.06210765865888	
-0.301359822029495	
0.52213646760341	
1.31970205853534	
2.01377438825255	
2.50633636689518	
2.71203870389666	
2.59966441766228	
2.15022373467471	
1.4003928808044	
0.41817362949096	
-0.704809450100467	
-1.81936923797831	
-2.80595275829099	
-3.55029136973956	
-3.96511249512575	
-3.99783366197422	
-3.64172733105148	
-2.95043550850624	
-1.99536005427359	
-0.893408150182006	
0.235354001667219	
1.25847201540354	
2.08162315539066	
2.62741856650179	
2.85903610004584	
2.77648685396239	
2.40655545235688	
1.82883527074899	
1.11208031693423	
0.339871325568721	
-0.403769737812003	
-1.0589714440161	
-1.58474262634498	
-1.96651551082375	
-2.20156038583316	
-2.2871272554652	
-2.23780690499099	
-2.06997659909772	
-1.80105078135062	
-1.43477943696739	
-0.980503837427785	
-0.437232236725814	
0.171884809706463	
0.814722065671947	
1.45247700462779	
2.02526502166391	
2.4679368814256	
2.72804819964022	
2.74319490080256	
2.50501934002974	
1.99503343545156	
1.23042799018992	
0.288213455428337	
-0.740142555441345	
-1.74789612334485	
-2.6106851640493	
-3.22559785019645	
-3.50515367062026	
-3.41484985478096	
-2.97006209144371	
-2.20182547693159	
-1.20433936259513	
-0.100582681354254	
0.976695674517644	
1.89991304656348	
2.56535367844363	
2.90690554558382	
2.89251843435952	
2.5585958109913	
1.96984299229501	
1.2244617643186	
0.436241970229876	
-0.280367873557562	
-0.812382377441004	
-1.12083365167952	
-1.16606676432712	
-0.965062767466607	
-0.561008156684406	
-0.0419542892008006	
0.514684776770346	
1.01050470051766	
1.36547200570238	
1.55075003208337	
1.52981006150425	
1.33383495878264	
0.995538298733316	
0.571188925443798	
0.130004842261721	
-0.262487181147347	
-0.531199478061183	
-0.657503476296728	
-0.615979953299076	
-0.436333820004958	
-0.137914428694235	
0.223552606503336	
0.61130930500929	
0.976068004603413	
1.26309380969385	
1.46910460090243	
1.56131018550019	
1.56606356483036	
1.49518776701327	
1.37428669365665	
1.22682521890112	
1.07608223325957	
0.937842881969992	
0.825545287942238	
0.752824818827943	
0.686287049578635	
0.620514541415391	
0.538158052831667	
0.411555395115138	
0.242154813518447	
0.0313363090204702	
-0.218007629677158	
-0.472209880666137	
-0.721508382898645	
-0.929595411118181	
-1.07561948728382	
-1.13546976824083	
-1.10582244600486	
-0.994849397673316	
-0.806553503448082	
-0.567163247883639	
-0.295307441009076	
-0.0309019187295475	
0.198210863143096	
0.371106279506424	
0.469748895219573	
0.50187317651101	
0.484221232880554	
0.426262568207932	
0.332621816150336	
0.235079532823331	
0.150219177669001	
0.0842616358654891	
0.0474379231739597	
0.0635151749764052	
0.133325719376918	
0.251767366122145	
0.407036057103466	
0.60600994617405	
0.824736574853865	
1.05595184999506	
1.27495505352083	
1.47630864155426	
1.63978263992551	
1.7261520574737	
1.72277485966772	
1.61687732638618	
1.39557597490631	
1.05430938759603	
0.599104431061059	
0.0689771441103978	
-0.506918197914013	
-1.09818279434057	
-1.65725959093637	
-2.13232106217514	
-2.49694239406976	
-2.7253034020746	
-2.80721013091118	
-2.73740067460127	
-2.51776123285106	
-2.19626467799869	
-1.80367047211206	
-1.37345560602712	
-0.953128363613917	
-0.567404194573541	
-0.242539615659485	
0.00901832518227082	
0.184551558163556	
0.281503403012688	
0.313580443311843	
0.304461224717225	
0.271097327656763	
0.232342874237883	
0.203270356253281	
0.182194378550169	
0.161506672688157	
0.147402508401893	
0.137739518401042	
0.125850005981873	
0.1146548857782	
0.102830620344605	
0.0994176330437566	
0.105954220555768	
0.116345356376999	
0.152949182341121	
0.222575532883057	
0.312688667019738	
0.417736372257687	
0.523272209846704	
0.616042557199257	
0.687055505416762	
0.715853732066629	
0.702178010243258	
0.641571328026031	
0.539363725470909	
0.394180418550447	
0.231275499521282	
0.0757265240182371	
-0.0543699548498653	
-0.142288664215742	
-0.173395901067983	
-0.137068084430102	
-0.0402879557437081	
0.100357465752318	
0.269113538860447	
0.438594475595455	
0.578854444237055	
0.664676317663124	
0.68254190036599	
0.630057762915857	
0.507767118964762	
0.333320528121111	
0.135120799001986	
-0.0617129572577649	
-0.213268190154223	
-0.310464737342901	
-0.336118564809879	
-0.279713044508166	
-0.155473773030754	
0.0177312738785669	
0.214913365547813	
0.399019456487386	
0.523742678967193	
0.575323883659056	
0.526839319910076	
0.384846126671383	
0.151646250211309	
-0.143691366480097	
-0.473838234005837	
-0.799573455111682	
-1.09361705895165	
-1.33846382562748	
-1.50152136237305	
-1.59204435220547	
-1.62168769056092	
-1.6039321342125	
-1.56351679646629	
-1.52131522628134	
-1.51090877475693	
-1.53819720038852	
-1.59977089566391	
-1.67674703430347	
-1.74672949005219	
-1.77388145210321	
-1.72308893320523	
-1.57596971828532	
-1.29479830475965	
-0.898533278166494	
-0.399994815189441	
0.147218684779695	
0.690663836055243	
1.14928061487969	
1.46581729516935	
1.58514369621796	
1.48787414903014	
1.15447891979703	
0.602919939321379	
-0.0952713532422354	
-0.865915289010307	
-1.62182666534689	
-2.25847640631928	
-2.7063992384775	
-2.88179691782709	
-2.78153117733563	
-2.41950765576813	
-1.81975014106499	
-1.05880887146291	
-0.246048033116566	
0.540170962161661	
1.2073455771887	
1.70210173665543	
1.96519229516902	
1.97230939113169	
1.76997933521094	
1.39603903783474	
0.910117022133818	
0.398992740962529	
-0.0777894351544212	
-0.430822862535581	
-0.650527413295824	
-0.714514414655607	
-0.607968987769456	
-0.360543696672995	
-0.0302681476711363	
0.350160766762823	
0.715701464975846	
1.04154476181489	
1.27044807599105	
1.35154539288844	
1.29908737358356	
1.10757521925197	
0.776415580325924	
0.347203096433109	
-0.146390037750211	
-0.658885388459314	
-1.12334609930926	
-1.50881489572392	
-1.74780597352047	
-1.79408564340512	
-1.63365074313665	
-1.25101237861726	
-0.665198574721755	
0.074682606565594	
0.926505883529399	
1.80692517345191	
2.6162312229283	
3.27124441529194	
3.69162293731301	
3.81650441516948	
3.62592222970703	
