1.03876391946703e-018	
0.000632417063661939	
0.000611448068018468	
0.000147400615763826	
1.30378279180735e-018	
0.00128703934818619	
0.00222565738816539	
0.00179802876853101	
-3.00173887101841e-018	
-0.00255097903366231	
-0.00306853171474474	
-0.00148789271012187	
-1.08162218280585e-018	
-0.00155769627339774	
-0.00444624913903394	
-0.00505399306757951	
7.21300637882712e-018	
0.0105143538458684	
0.0187434486151141	
0.0162851165992285	
-8.44811186431901e-018	
-0.0228224309758953	
-0.0387632299821676	
-0.0329421367289343	
5.3637289372243e-018	
0.0483663290034392	
0.0866573660506267	
0.0805387123601571	
-2.38495233123813e-018	
-0.169480133069492	
-0.417386405666251	
-0.711065356058406	
-1.0	
-1.22348007011459	
-1.32382565629008	
-1.25565245347131	
-1.0	
-0.574527359717849	
-0.0387632299821676	
0.518762792013019	
1.0	
1.32030389907398	
1.42922647095582	
1.31453313632062	
1.0	
0.536531229921335	
-0.00444624913903397	
-0.543142919262312	
-1.0	
-1.30550667518487	
-1.41355155405545	
-1.30656976150841	
-1.0	
-0.539787194220384	
0.00222565738816543	
0.542872262337101	
1.0	
1.30416618309051	
1.41109447040872	
1.30465119953841	
1.0	
0.542850057116238	
0.00122289613603695	
-0.541290421757387	
-1.0	
-1.3027095379057	
-1.40725460370041	
-1.30071752616921	
-1.0	
-0.546731591497964	
-0.00814258593374636	
0.535602982494664	
1.0	
1.30862383713337	
1.41418442477271	
1.3034890943709	
1.0	
0.552906917954701	
0.0276484313687295	
-0.511461087106855	
-1.0	
-1.36536556606644	
-1.52577330808787	
-1.41042997918136	
-1.0	
-0.365051152394975	
0.32164060030232	
0.838048020077239	
1.0	
0.747981541857359	
0.182680214171037	
-0.477483214768015	
-1.0	
-1.24822479194188	
-1.23641837789513	
-1.09990792060177	
-1.0	
-1.020678382114	
-1.11939949819631	
-1.15927538861406	
-1.0	
-0.590735061546425	
-0.00889249827806785	
0.577511682864471	
1.0	
1.17606347675823	
1.14952643586101	
1.0478518560136	
1.0	
1.05528503749067	
1.15889191793079	
1.18131853964332	
1.0	
0.578347797946421	
-0.00322841864029385	
-0.582958298821004	
-1.0	
-1.1764669723658	
-1.15197222813308	
-1.05056763112374	
-1.0	
-1.05372174479955	
-1.15445073442906	
-1.17582858988591	
-1.0	
-0.590142622399305	
-0.0219843517309555	
0.557309669358831	
1.0	
1.22450370658748	
1.24160947374119	
1.13277701808334	
1.0	
0.918724384907478	
0.909070852656543	
0.949285227883394	
1.0	
1.02865437349771	
1.02884516720394	
1.01267981630313	
1.0	
1.00335735527758	
1.01822407497422	
1.02433249432404	
1.0	
0.943838867919515	
0.889102154704438	
0.893505551131528	
1.0	
1.18805181071191	
1.35076269605887	
1.32890915076965	
1.0	
0.376350961649048	
-0.355745868951638	
-0.900014661928323	
-1.0	
-0.593616273067739	
0.118981556904585	
0.766332726135916	
1.0	
0.690257301323961	
0.00444118350173713	
-0.683204058875441	
-1.0	
-0.779578491571612	
-0.145417223411871	
0.567858949229526	
1.0	
0.946443693017171	
0.438936408553747	
-0.302637979520865	
-1.0	
-1.44565607313075	
-1.55955880288609	
-1.37966304645247	
-1.0	
-0.514046791549804	
0.0150545306586523	
0.538193877160916	
1.0	
1.33050004255689	
1.45981390793669	
1.34634043884088	
1.0	
0.486656864237339	
-0.0888974645383755	
-0.613925109524881	
-1.0	
-1.20301483526654	
-1.23393987159916	
-1.14260214608118	
-1.0	
-0.877676609199998	
-0.829098600420134	
-0.875684597463512	
-1.0	
-1.14677848169443	
-1.2420824575329	
-1.20996710865659	
-1.0	
-0.608010810297206	
-0.0819676434660724	
0.489428432439027	
1.0	
1.35378059942494	
1.48054264950771	
1.35493673917623	
1.0	
0.485291061051542	
-0.0908601417441402	
-0.617096817591676	
-1.0	
-1.19307032613638	
-1.21073262373216	
-1.11815406681202	
-1.0	
-0.92313560739305	
-0.912289140022243	
-0.950367612487491	
-1.0	
-1.02998714889161	
-1.03128082820142	
-1.01534941784202	
-1.0	
-0.993925182957029	
-0.997495333403204	
-1.00188780944119	
-1.0	
-0.992565348415636	
-0.986874241173485	
-0.989603303783354	
-1.0	
-1.00990305787814	
-1.01131213024932	
-1.00476831511567	
-1.0	
-1.00690723924339	
-1.02266525847596	
-1.02783585280675	
-1.0	
-0.938504603671282	
-0.880199525151777	
-0.886499542912893	
-1.0	
-1.19289793177348	
-1.354926951008	
-1.32848636815815	
-1.0	
-0.38791916923373	
0.324879150217208	
0.86464343157549	
1.0	
0.669624972156523	
0.0264356665072863	
-0.630621882882615	
-1.0	
-0.91712282671038	
-0.415982430769215	
0.307386690554403	
1.0	
1.46014956415917	
1.59332996365791	
1.41303143570624	
1.0	
0.459530291419743	
-0.109722988384455	
-0.619787343483518	
-1.0	
-1.20827166449862	
-1.24320521358769	
-1.14882722723459	
-1.0	
-0.875393959162257	
-0.829485232837638	
-0.878667799753536	
-1.0	
-1.13878302567817	
-1.22864492891076	
-1.19972130138592	
-1.0	
-0.615121498028799	
-0.0907732013742904	
0.483436639319963	
1.0	
1.36995511522545	
1.55270848081459	
1.55559712217262	
1.41421356237309	
1.1659248767111	
0.834234235397008	
0.435744968464306	
-2.06575800826918e-017	
-0.416190295682694	
-0.725071124692306	
-0.839942221189463	
-0.707106781186547	
-0.331184969986149	
0.223790399526841	
0.847866370487915	
1.41421356237309	
1.80920655556875	
1.95397901254317	
1.8168694660879	
1.41421356237309	
0.803923979285959	
0.0655401107675704	
-0.706118872660066	
-1.41421356237309	
-1.96784056276432	
-2.29518181349914	
-2.34881689986049	
-2.12132034355964	
-1.65839223003118	
-1.06310187615219	
-0.47008641583323	
-3.50640353593981e-017	
0.28930313037733	
0.434793058192131	
0.538932777989904	
0.707106781186548	
0.973361603306475	
1.27310099100299	
1.46421972934235	
1.41421356237309	
1.09354678485825	
0.613967650063482	
0.184891420442867	
9.23544889824174e-017	
0.122431163832633	
0.436707550621419	
0.707207703880943	
0.707106781186547	
0.344772990329153	
-0.283496430443534	
-0.949195393192343	
-1.41421356237309	
-1.54937566047645	
-1.37965388565368	
-1.04519553245108	
-0.707106781186547	
-0.459966541535014	
-0.306389542136309	
-0.179077077988272	
2.29919383735325e-017	
0.274345618415049	
0.633377092881852	
1.03309860506356	
1.41421356237309	
1.71008221104769	
1.84788136109892	
1.75995493895296	
1.41421356237309	
0.850795614623371	
0.193714207418192	
-0.378780352553545	
-0.707106781186547	
-0.72802590966039	
-0.505467093880202	
-0.203149584495367	
-6.19892969006673e-017	
-0.000580158833282025	
-0.193263118295916	
-0.471721522704809	
-0.707106781186547	
-0.821403254518858	
-0.816683295151011	
-0.755302502203165	
-0.707106781186547	
-0.702508446287013	
-0.729067325055195	
-0.743826615904493	
-0.707106781186547	
-0.600938158449488	
-0.43429355502199	
-0.22555933416657	
2.03531898666194e-017	
0.201054033367723	
0.313863516573538	
0.262613804444433	
-4.80084897417369e-017	
-0.445447633048676	
-0.947956822214587	
-1.32337876993872	
-1.41421356237309	
-1.17905326097708	
-0.724910067277661	
-0.263209123680642	
-8.77983570206609e-017	
-0.0250496351233734	
-0.27219240043567	
-0.560972105527633	
-0.707106781186547	
-0.627051270512149	
-0.378286333938095	
-0.115412192331418	
-4.97543454104074e-017	
-0.120064273991228	
-0.462315585276829	
-0.934959083838824	
-1.41421356237309	
-1.7793488286267	
-1.93616556453743	
-1.81923712435437	
-1.41421356237309	
-0.785544633840201	
-0.0891500900288673	
0.467615589674269	
0.707106781186547	
0.568070934322961	
0.146544994761867	
-0.350122915068066	
-0.707106781186547	
-0.809191133891315	
-0.686948018720455	
-0.481613009012358	
-0.353553390593274	
-0.393571983319546	
-0.590096122913543	
-0.850877047005365	
-1.06066017177982	
-1.13219544094154	
-1.02529970438437	
-0.748925107984872	
-0.353553390593274	
0.0722923288530048	
0.408290968176202	
0.529536040134052	
0.353553390593274	
-0.11227743176691	
-0.750171818426419	
-1.36744703576251	
-1.76776695296637	
-1.82759871315851	
-1.53797480912394	
-0.996019057998219	
-0.353553390593274	
0.244723511815002	
0.699502661835731	
0.970136674813947	
1.06066017177982	
0.999355968271061	
0.826924712587288	
0.592413338688935	
0.353553390593274	
0.171899139933112	
0.100529158464486	
0.165492078591288	
0.353553390593274	
0.613601986337234	
0.864809372342452	
1.03010646196774	
1.06066017177982	
0.952693136055513	
0.74759651582338	
0.519728322526639	
0.353553390593274	
0.318383250747166	
0.443631268172234	
0.711426973984526	
1.06066017177982	
1.4068725344878	
1.66923424080212	
1.79525828171695	
1.76776695296637	
1.59475626146197	
1.28848793457073	
0.86345736227922	
0.353553390593274	
-0.159943097930655	
-0.53947710244102	
-0.632127005553954	
-0.353553390593274	
0.227011923558586	
0.867170467377211	
1.23278897833041	
1.06066017177982	
0.316296512486788	
-0.74853668629795	
-1.69782513612477	
-2.12132034355964	
-1.84335894168202	
-1.01246466205156	
-0.0188491787792802	
0.707106781186547	
0.901716468043218	
0.566609301366319	
-0.0716494483346697	
-0.707106781186547	
-1.10679695119505	
-1.19181180830459	
-1.01977926823717	
-0.707106781186547	
-0.351325494600363	
0.00787758800727775	
0.365025820569179	
0.707106781186547	
0.983058693122105	
1.11346392385964	
1.02659562071878	
0.707106781186547	
0.224760285346769	
-0.276953972673577	
-0.629243437483667	
-0.707106781186547	
-0.486039692256674	
-0.0576226556582569	
0.402968040515564	
0.707106781186547	
0.726092140147879	
0.436189987890812	
-0.0860018046108248	
-0.707106781186547	
-1.29117789791658	
-1.7473373382815	
-2.02928556567108	
-2.12132034355964	
-2.0200109995476	
-1.7295395135806	
-1.27292472658393	
-0.707106781186548	
-0.124224672759318	
0.36270795947726	
0.656821434153767	
0.707106781186547	
0.522941072137325	
0.162851977165317	
-0.281304126661773	
-0.707106781186547	
-1.01933407783392	
-1.14161644747791	
-1.03356342047691	
-0.707106781186547	
-0.237809506305478	
0.247602957034215	
0.601099808946571	
0.707106781186547	
0.533261998886704	
0.143472390825058	
-0.321433105205361	
-0.707106781186547	
-0.912825424525283	
-0.93022199326498	
-0.828886039642353	
-0.707106781186547	
-0.636078832005343	
-0.633475311120304	
-0.670800374620057	
-0.707106781186547	
-0.717990339434173	
-0.710391952605828	
-0.702778395128136	
-0.707106781186547	
-0.720623541373687	
-0.731919449665646	
-0.730385070348681	
-0.707106781186547	
-0.648026785650788	
-0.524878708598202	
-0.309848715271719	
3.50115104108193e-017	
0.360573621352613	
0.67152437574952	
0.815696136865703	
0.707106781186547	
0.334486173323976	
-0.233243640653677	
-0.864732686384701	
-1.41421356237309	
-1.76794135551656	
-1.87170510038066	
-1.73438715542456	
-1.41421356237309	
-0.997198170729012	
-0.575329479517269	
-0.226857664774309	
-1.11814552269001e-017	
0.096335654514457	
0.0909396331321592	
0.038083294126532	
4.47263492420025e-018	
0.0309663536728276	
0.163313923397381	
0.400404122888833	
0.707106781186548	
1.00352340061828	
1.17468744422831	
1.10011602849242	
0.707106781186547	
0.0212624004901077	
-0.81836130185474	
-1.59954763260832	
-2.12132034355964	
-2.28066209599859	
-2.1150011723354	
-1.76949565810434	
-1.41421356237309	
-1.15825711739837	
-1.00706489157733	
-0.886903654352476	
-0.707106781186547	
-0.417498817750531	
-0.0392204732022375	
0.361507995820928	
0.707106781186547	
0.93671990745753	
1.01394834045605	
0.929951474632448	
0.707106781186547	
0.405203644846761	
0.120486899762013	
-0.0403154306096936	
3.63498855667078e-017	
0.251504980769969	
0.650765179710763	
1.0802706784327	
1.41421356237309	
1.55900184615121	
1.47500800381615	
1.17320793217813	
0.707106781186547	
0.166399893134987	
-0.326516197338984	
-0.645530123668787	
-0.707106781186547	
-0.520517146916667	
-0.211949692397398	
0.0202360003327388	
-8.44857944548752e-017	
-0.322743530383359	
-0.829345849318677	
-1.27505112615965	
-1.41421356237309	
-1.13456165148381	
-0.524330739902431	
0.17630823216504	
0.707106781186547	
0.926921724089001	
0.877950478467855	
0.739927461486075	
0.707106781186547	
0.865393118094799	
1.14965000436738	
1.38804479734731	
1.41421356237309	
1.16912383757861	
0.735609097912248	
0.288522351797866	
5.1469118519569e-017	
-0.0449758472395954	
0.131117129936304	
0.423095211353952	
0.707106781186547	
0.892929903286464	
0.946382097459309	
0.87477849798544	
0.707106781186547	
0.484089362367058	
0.255166839122548	
0.0783311392990977	
3.22671692859716e-017	
0.0247276437919162	
0.0961828775335378	
0.116268004269397	
-6.20951547911606e-017	
-0.26133870263821	
-0.572057510909125	
-0.768938624728039	
-0.707106781186547	
-0.348405440954922	
0.200522238734637	
0.736405198732751	
1.06066017177982	
1.07977338047443	
0.853194773894268	
0.549560924943821	
0.353553390593274	
0.369629074513165	
0.579259997902546	
0.860396557226916	
1.06066017177982	
1.07782316126663	
0.906846823823876	
0.62868048073961	
0.353553390593274	
0.152660472721199	
0.0143198379559507	
-0.132711099871354	
-0.353553390593274	
-0.632521513009013	
-0.840829256951483	
-0.79103375379466	
-0.353553390593274	
0.42428190171895	
1.28312419444165	
1.83770359757439	
1.76776695296637	
1.01040065383364	
-0.162674602061336	
-1.2504718514384	
-1.76776695296637	
-1.5002392082594	
-0.622699606711962	
0.397832086010637	
1.06066017177982	
1.10192386024625	
0.625432037846611	
0.00637291524126517	
-0.353553390593274	
-0.273128910426506	
0.108030167893049	
0.431994292150778	
0.353553390593274	
-0.244675943011316	
-1.17310092266139	
-2.04326748336303	
-2.47487373415292	
-2.28426606994882	
-1.55512355804578	
-0.567477434053245	
0.353553390593274	
0.981009172011815	
1.2487908620511	
1.23062483115738	
1.06066017177982	
0.854917058627679	
0.668148385173702	
0.504636644052612	
0.353553390593274	
0.22266968680685	
0.151810832322248	
0.189298752604775	
0.353553390593274	
0.600734759105421	
0.823462703878972	
0.888798376012708	
0.707106781186547	
0.293921857611986	
-0.212986748060811	
-0.605781226471736	
-0.707106781186547	
-0.467657175110148	
-0.00136739951967967	
0.465162499587994	
0.707106781186547	
0.611571754381775	
0.229967904225349	
-0.271770798558551	
-0.707106781186547	
-0.9536008758229	
-0.994516321902826	
-0.884831435794595	
-0.707106781186547	
-0.541822550731536	
-0.457278497724631	
-0.507647523807362	
-0.707106781186548	
-0.992420467492644	
-1.20884862656206	
-1.15903843580895	
-0.707106781186547	
0.11692808132916	
1.08519296001665	
1.85362219687261	
2.12132034355964	
1.78000238297962	
0.975571705925666	
0.0297404707600893	
-0.707106781186547	
-0.996856525653348	
-0.777082788902965	
-0.14477789229061	
0.707106781186548	
1.5517979417906	
2.16928732777988	
2.38582110684857	
2.12132034355964	
1.43588681387812	
0.540962434996382	
-0.2632058418787	
-0.707106781186547	
-0.672313082901957	
-0.25320139394869	
0.30086562506395	
0.707106781186547	
0.776526879061148	
0.476858556231951	
-0.0805846746102897	
-0.707106781186548	
-1.20669206861391	
-1.42057937538382	
-1.25594914839486	
-0.707106781186547	
0.126579376499837	
1.04064544200936	
1.77875709091343	
2.12132034355964	
1.97479843151541	
1.42199799305381	
0.678514244597716	
5.76165117452096e-017	
-0.420061007347165	
-0.511230081641283	
-0.326719501150838	
-1.07132331416485e-017	
0.309149427852357	
0.462432698030799	
0.367601513536523	
-2.80505657339078e-017	
-0.585667717372181	
-1.25295817748747	
-1.821620321023	
-2.12132034355964	
-2.04618257472602	
-1.59526476355795	
-0.86077337342575	
-7.94300280660506e-018	
0.803599600873681	
1.37755624057094	
1.59579355585959	
1.41421356237309	
0.899158182590975	
0.222058844083688	
-0.383221242894049	
-0.707106781186547	
-0.652100541040622	
-0.274462053789615	
0.248053780178831	
0.707106781186547	
0.960311575268447	
0.986440177541346	
0.863780370897611	
0.707106781186547	
0.603076837736909	
0.584688364139544	
0.634330954518371	
0.707106781186547	
0.746497204983554	
0.682306249928198	
0.446486892005679	
-4.80004409966132e-017	
-0.627932883114393	
-1.31377626819123	
-1.87010489181724	
-2.12132034355964	
-1.99488921911614	
-1.57497548431867	
-1.0701385500278	
-0.707106781186548	
-0.604005468263184	
-0.704635118525415	
-0.809801509679679	
-0.707106781186547	
-0.320319963556665	
0.224565768715991	
0.652350477873765	
0.707106781186547	
0.329635109395127	
-0.274610317316379	
-0.72950926093057	
-0.707106781186547	
-0.140861559238448	
0.705524124070764	
1.36257592081368	
1.41421356237309	
0.738205947650765	
-0.411020135540553	
-1.53011172672824	
-2.12132034355964	
-1.93013779241782	
-1.03595464619248	
0.220026548670844	
1.41421356237309	
2.21158128472225	
2.4517844194192	
2.14365292304032	
1.41421356237309	
0.462314352792809	
-0.476905020340571	
-1.16354002673575	
-1.41421356237309	
-1.17516768679737	
-0.565793962011362	
0.157031463036647	
0.707106781186547	
0.900323076368833	
0.731725870797537	
0.359092157524102	
8.5086098362104e-017	
-0.191800220506065	
-0.190015491331892	
-0.0850638825577621	
-6.38673637517692e-017	
-0.00198360303628925	
-0.0622020611115866	
-0.0890510027983685	
4.78556873791982e-017	
0.215112343031749	
0.479903703154343	
0.675057721589576	
0.707106781186547	
0.562587461279349	
0.316813304727858	
0.0929434002877859	
3.36331166937205e-017	
0.0799066658197857	
0.293699896087932	
0.540802132241485	
0.707106781186547	
0.714454005840226	
0.553131479560358	
0.28193824761586	
1.07228471453729e-017	
-0.19613760079104	
-0.25421109208869	
-0.176333886797374	
-2.9077917719505e-017	
0.240176408645428	
0.544626975679942	
0.936826388396387	
1.4142135623731	
1.88976505977554	
2.17852446241914	
2.061413473194	
1.41421356237309	
0.329467817293429	
-0.857945664005006	
-1.68342505374808	
-1.76776695296637	
-1.0223296253652	
0.283115475901548	
1.62609078590595	
2.47487373415292	
2.52884902216164	
1.84043163094114	
0.739326304206991	
-0.353553390593274	
-1.1189378187219	
-1.43831708811702	
-1.37082185799836	
-1.06066017177982	
-0.648319409628725	
-0.235167478955859	
0.113738172645098	
0.353553390593274	
0.462089984087316	
0.456647639169843	
0.39602104137474	
0.353553390593274	
0.371139270907866	
0.42658615716787	
0.445694037081277	
0.353553390593274	
0.132963104603085	
-0.14549258465867	
-0.351071774809448	
-0.353553390593274	
-0.0855720711875423	
0.431228934894636	
1.09557204181558	
1.76776695296637	
2.31621506417309	
2.64272626813949	
2.69788771266565	
2.47487373415292	
1.9964688744374	
1.31414343831834	
0.499044605087581	
-0.353553390593274	
-1.12351612299769	
-1.679699033601	
-1.91056271820101	
-1.76776695296637	
-1.29904172763725	
-0.656343630044967	
-0.0442872197988558	
0.353553390593274	
0.446496154815831	
0.267250807982387	
-0.052812262052909	
-0.353553390593274	
-0.521741903564629	
-0.534552251628294	
-0.449117240929758	
-0.353553390593274	
-0.311193369802909	
-0.326832925821901	
-0.358576645438558	
-0.353553390593274	
-0.285203329590402	
-0.172297839181056	
-0.0622534996733174	
-1.8252993497544e-017	
-0.000882907995012707	
-0.0330599983141509	
-0.0453763376624363	
2.51596685738884e-017	
0.0955360727488428	
0.183444378488467	
0.175529181265949	
-3.59459210608098e-017	
-0.349140615820465	
-0.795229088291388	
-1.1969585373899	
-1.41421356237309	
-1.38147333596499	
-1.15377517497057	
-0.877244586890956	
-0.707106781186547	
-0.711448033233738	
-0.823191412626535	
-0.874933192285258	
-0.707106781186547	
-0.284103665049437	
0.254245432508972	
0.657283630350404	
0.707106781186547	
0.361000932175188	
-0.198698093631455	
-0.650107552118724	
-0.707106781186547	
-0.285420294460513	
0.440525360332612	
1.12179079187911	
1.41421356237309	
