-1.03876391946703e-018	
-0.000632417063661939	
-0.000611448068018468	
-0.000147400615763826	
-1.30378279180735e-018	
-0.00128703934818619	
-0.00222565738816539	
-0.00179802876853101	
3.00173887101841e-018	
0.00255097903366231	
0.00306853171474474	
0.00148789271012187	
1.08162218280585e-018	
0.00155769627339774	
0.00444624913903394	
0.00505399306757951	
-7.21300637882712e-018	
-0.0105143538458684	
-0.0187434486151141	
-0.0162851165992285	
8.44811186431901e-018	
0.0228224309758953	
0.0387632299821676	
0.0329421367289343	
-5.3637289372243e-018	
-0.0483663290034392	
-0.0866573660506267	
-0.0805387123601571	
2.38495233123813e-018	
0.169480133069492	
0.417386405666251	
0.711065356058406	
1.0	
1.22348007011459	
1.32382565629008	
1.25565245347131	
1.0	
0.574527359717849	
0.0387632299821676	
-0.518762792013019	
-1.0	
-1.32030389907398	
-1.42922647095582	
-1.31453313632062	
-1.0	
-0.536531229921335	
0.00444624913903397	
0.543142919262312	
1.0	
1.30550667518487	
1.41355155405545	
1.30656976150841	
1.0	
0.539787194220384	
-0.00222565738816543	
-0.542872262337101	
-1.0	
-1.30416618309051	
-1.41109447040872	
-1.30465119953841	
-1.0	
-0.542850057116238	
-0.00122289613603695	
0.541290421757387	
1.0	
1.3027095379057	
1.40725460370041	
1.30071752616921	
1.0	
0.546731591497964	
0.00814258593374636	
-0.535602982494664	
-1.0	
-1.3098886712607	
-1.41540732090875	
-1.30378389560243	
-1.0	
-0.555480996651073	
-0.0320997461450603	
0.507865029569793	
1.0	
1.36920269000644	
1.53068747538133	
1.41311096337008	
1.0	
0.365592466245398	
-0.317199416800583	
-0.831536091479142	
-1.0	
-0.762643457354447	
-0.212807151835738	
0.448183568221329	
1.0	
1.29829429100951	
1.32606575477783	
1.17920143650033	
1.0	
0.897770647906335	
0.900455282931081	
0.959645490201042	
1.0	
0.979945244295826	
0.924893172006914	
0.909973614606364	
1.0	
1.18422086630253	
1.35123567985058	
1.33220496085923	
1.0	
0.37007391992327	
-0.365111351021421	
-0.906425864564696	
-1.0	
-0.591579850889528	
0.120987079408842	
0.767347169473437	
1.0	
0.687978023859116	
0.00121276486144319	
-0.685535282285179	
-1.0	
-0.775741367631611	
-0.140503056118419	
0.570539933418242	
1.0	
0.945720172740271	
0.442154695919447	
-0.296420852154296	
-1.0	
-1.46162723319688	
-1.59291415919109	
-1.41226394930469	
-1.0	
-0.457566089845796	
0.114067389611133	
0.623764434785256	
1.0	
1.20429649825965	
1.24039670887975	
1.15054148483724	
1.0	
0.859398983511904	
0.791312191887995	
0.837453811569643	
1.0	
1.22195651191722	
1.38459103615558	
1.34304137816289	
1.0	
0.381160728016737	
-0.332538621084645	
-0.870431839896687	
-1.0	
-0.657644040848151	
-0.00122289613603689	
0.6560844054893	
1.0	
0.869122595327638	
0.329310202444351	
-0.384461984322272	
-1.0	
-1.33789500965384	
-1.37644845022183	
-1.21597427142297	
-1.0	
-0.840794032100946	
-0.793790698183967	
-0.85857449417653	
-1.0	
-1.1618187693613	
-1.26603961774422	
-1.2314141790677	
-1.0	
-0.570138098398981	
-0.0113710045740402	
0.554398988521099	
1.0	
1.24290722318206	
1.27866623247819	
1.1670209309619	
1.0	
0.864276691146169	
0.815732204616431	
0.869411433908641	
1.0	
1.15098182962919	
1.24409811131175	
1.20793152002248	
1.0	
0.619091438860054	
0.10915322231768	
-0.459411202049311	
-1.0	
-1.41410906150821	
-1.59782832648454	
-1.46630022912209	
-1.0	
-0.290256162136818	
0.44830189062353	
0.946750119995276	
1.0	
0.583170872953077	
-0.109626206109396	
-0.742315975444017	
-1.0	
-0.752028434385924	
-0.122220106819473	
0.57558458665825	
1.0	
0.949751128853325	
0.447551978279209	
-0.295351940673523	
-1.0	
-1.45109699977457	
-1.5632602053181	
-1.37829748636343	
-1.0	
-0.526672284868681	
-0.0130668845017926	
0.509908673951751	
1.0	
1.379555098287	
1.54745576231513	
1.42359753256123	
1.0	
0.368895498538724	
-0.299699093869857	
-0.807572767443652	
-1.0	
-0.819674541303088	
-0.322863496438357	
0.345118038261973	
1.0	
1.46997679432593	
1.64078666528244	
1.47094682722173	
1.0	
0.345073627820248	
-0.324869018942614	
-0.822680996377095	
-1.0	
-0.801117154365555	
-0.288328089295817	
0.378178995338509	
1.0	
1.41384610939356	
1.53561177394937	
1.3741025458966	
1.0	
0.504456867771915	
-0.0357910173024759	
-0.55703130762306	
-1.0	
-1.30431976323689	
-1.41709306956191	
-1.31126041088036	
-1.0	
-0.536034725782968	
0.00474520957526701	
0.541441324386384	
1.0	
1.31663777203501	
1.43831073553031	
1.33186370053199	
1.0	
0.494107986969392	
-0.085365161245005	
-0.617335379463736	
-1.0	
-1.18721608802081	
-1.19998078461987	
-1.1095621768542	
-1.0	
-0.930124129631231	
-0.920529405413254	
-0.954436661854512	
-1.0	
-1.03270218633187	
-1.04035030330944	
-1.02608578623334	
-1.0	
-0.974708838330046	
-0.961021169093117	
-0.968983590427614	
-1.0	
-1.03372120359294	
-1.03144371260781	
-0.936996180556316	
-0.707106781186547	
-0.344761078091388	
0.0854759590522571	
0.472816627888753	
0.707106781186547	
0.730004040811355	
0.562103717179263	
0.286343140945309	
4.19654739638313e-017	
-0.235199042204831	
-0.412318377125703	
-0.561077324016759	
-0.707106781186547	
-0.839702058437093	
-0.914588573300836	
-0.879273963309115	
-0.707106781186547	
-0.410744419218234	
-0.0371286124875148	
0.356383556449476	
0.707106781186548	
0.937619906571232	
0.947431562219891	
0.642943677810476	
-8.60263066541389e-017	
-0.871247238420761	
-1.71657768473051	
-2.21447944732911	
-2.12132034355964	
-1.40924383933548	
-0.312436853901257	
0.761447565771729	
1.41421356237309	
1.43797525964528	
0.896141723204906	
0.067102426170712	
-0.707106781186547	
-1.17772380365008	
-1.26846010996116	
-1.05977906819555	
-0.707106781186547	
-0.35710072930281	
-0.101889286733729	
0.0187741615665222	
-4.44315925861811e-018	
-0.137273804780789	
-0.350240563295538	
-0.567481481764173	
-0.707106781186547	
-0.707909930069378	
-0.558788073746412	
-0.299922801615653	
-2.87063445447316e-017	
0.276130867973373	
0.490933407826372	
0.633103504067988	
0.707106781186547	
0.725912633415534	
0.710341126205456	
0.693009712270805	
0.707106781186547	
0.764600359411809	
0.828577685442299	
0.829895801122101	
0.707106781186547	
0.459318150171467	
0.16980112263249	
-0.0218945764542473	
7.58395706934421e-017	
0.244233772262232	
0.581792523311886	
0.798125421032257	
0.707106781186547	
0.261401144568411	
-0.406577366141199	
-1.04647855228479	
-1.41421356237309	
-1.39118000124193	
-1.02477013337011	
-0.491913592611785	
-5.60718636271432e-017	
0.303542228085067	
0.37405769858642	
0.247744304594984	
8.50081364621892e-018	
-0.288183838932191	
-0.540273778554351	
-0.691760472561979	
-0.707106781186547	
-0.608734926498033	
-0.489218798418757	
-0.485559058689789	
-0.707106781186548	
-1.15648924459134	
-1.69427126497817	
-2.08779745990853	
-2.12132034355964	
-1.70974362929229	
-0.946327955830718	
-0.0580821561683485	
0.707106781186547	
1.19464445633681	
1.39551032230591	
1.41946764376417	
1.41421356237309	
1.48590349338464	
1.65909396707253	
1.89321547554264	
2.12132034355964	
2.28640247232134	
2.35022356757339	
2.29593402061637	
2.12132034355964	
1.83917813828333	
1.47767975388488	
1.08270391451858	
0.707106781186548	
0.396399557543552	
0.174810372832725	
0.0467162436617972	
-1.98941922129114e-018	
0.0118834927970906	
0.0421850249231605	
0.0489480272578511	
-2.06314716930677e-017	
-0.108480059064837	
-0.242793712526314	
-0.342069133084782	
-0.353553390593274	
-0.272111233640699	
-0.171142935513717	
-0.166100329426959	
-0.353553390593274	
-0.742899895209108	
-1.23019414681068	
-1.63035931849936	
-1.76776695296637	
-1.57504984185171	
-1.13599922729707	
-0.655624057164316	
-0.353553390593274	
-0.347244888836579	
-0.583842437337704	
-0.884827318601654	
-1.06066017177982	
-1.03640193028922	
-0.899534732547705	
-0.849312849865936	
-1.06066017177982	
-1.55285078598504	
-2.14392289974111	
-2.53541805757359	
-2.47487373415292	
-1.90540137137967	
-1.01414198064288	
-0.147769579925213	
0.353553390593274	
0.312335473151195	
-0.219520160314021	
-1.00994390736158	
-1.76776695296637	
-2.26524203891332	
-2.40282364394834	
-2.20475476622068	
-1.76776695296637	
-1.2056250796512	
-0.615951133911445	
-0.0755981049147869	
0.353553390593274	
0.623433448501681	
0.704163888827447	
0.599451205542519	
0.353553390593274	
0.0471630091687888	
-0.223803342261292	
-0.372800168820969	
-0.353553390593274	
-0.18112138088528	
0.0666254928449364	
0.277535435105563	
0.353553390593274	
0.259397728830188	
0.037951090892916	
-0.204811101545297	
-0.353553390593274	
-0.337293528874103	
-0.166238946346977	
0.0922034998401721	
0.353553390593274	
0.55612864630276	
0.675940294071212	
0.719464383354296	
0.707106781186547	
0.667092897572947	
0.629973620845012	
0.634298372241887	
0.707106781186547	
0.835379290862853	
0.946224484967182	
0.93140895394492	
0.707106781186547	
0.279707192897821	
-0.225525190118224	
-0.611548084827835	
-0.707106781186547	
-0.464760717487258	
0.00103015220049339	
0.46583046027079	
0.707106781186547	
0.614585181492638	
0.233346364902194	
-0.271124861090161	
-0.707106781186547	
-0.950005164584576	
-0.978145780782969	
-0.862128456340357	
-0.707106781186547	
-0.596713365812676	
-0.568784670387762	
-0.616153564099381	
-0.707106781186547	
-0.801201207944021	
-0.859812727126938	
-0.840937804218412	
-0.707106781186547	
-0.442735387920995	
-0.0702492050077534	
0.343598187755799	
0.707106781186547	
0.938832925970671	
1.00188762408347	
0.910012916600447	
0.707106781186547	
0.432495471016715	
0.101854893389063	
-0.284918628883243	
-0.707106781186548	
-1.0878495899431	
-1.29600460966477	
-1.19225281601587	
-0.707106781186547	
0.0941193410208101	
1.01280065714851	
1.77132209898566	
2.12132034355964	
1.94177105167943	
1.27810219118995	
0.314032134873883	
-0.707106781186547	
-1.56397766943059	
-2.11253667154281	
-2.29340144143468	
-2.12132034355964	
-1.67014899830288	
-1.06546838412966	
-0.460695036214437	
-3.42753407425963e-017	
0.231092511538236	
0.240281784653639	
0.121275645574497	
6.2067444566274e-017	
-0.0397681505814576	
0.000535514014800783	
0.0425678016471342	
-7.55567435070051e-017	
-0.142263016021143	
-0.29090984152251	
-0.286531477988095	
7.70976478711713e-017	
0.573444548891392	
1.28128680631301	
1.87378442082834	
2.12132034355964	
1.92763373136295	
1.36773346468994	
0.64843946763854	
6.77909783424216e-017	
-0.432602557764206	
-0.630861322559593	
-0.683790780867355	
-0.707106781186547	
-0.763801626878429	
-0.833955000091554	
-0.83972484420052	
-0.707106781186547	
-0.415201240477381	
-0.0221000280393949	
0.38026323266	
0.707106781186547	
0.907739379746198	
0.967788852431748	
0.893734134313414	
0.707106781186547	
0.451342417061279	
0.197539506321746	
0.0288841926630496	
5.58910883594985e-017	
0.0938253581133203	
0.211289365201569	
0.213456318276009	
-6.99143812603791e-017	
-0.422399917197859	
-0.924622403491046	
-1.3117418618297	
-1.41421356237309	
-1.16569344886731	
-0.622026209640822	
0.0655919696205129	
0.707106781186548	
1.12264725765942	
1.17404944511567	
0.790441638894077	
-6.00119032332621e-017	
-1.04171309364525	
-2.06201278865367	
-2.73976937566606	
-2.82842712474619	
-2.27382592000676	
-1.26194379721453	
-0.145742661175442	
0.707106781186547	
1.07013716832679	
0.940062115650894	
0.498401481949975	
6.76409366064942e-017	
-0.346498340830424	
-0.44244822638898	
-0.299895600259472	
-6.03563721041751e-018	
0.351538210584651	
0.642771879991603	
0.78040138186401	
0.707106781186547	
0.426429291385194	
0.00951198058514886	
-0.414459465899454	
-0.707106781186547	
-0.776227900883723	
-0.622418076982955	
-0.323900316874549	
-2.03524483783888e-017	
0.237740434745048	
0.318706453433217	
0.227906511051055	
-8.40096477866616e-018	
-0.29428830123316	
-0.565106641081024	
-0.723947722249	
-0.707106781186547	
-0.494648308542021	
-0.126219971913611	
0.312131386870396	
0.707106781186547	
0.942793045785173	
0.925916142569103	
0.607019134225486	
-2.36890810684965e-017	
-0.807914219200125	
-1.66288759259651	
-2.38546542784443	
-2.82842712474619	
-2.9324984436682	
-2.75134834402922	
-2.4260442568125	
-2.12132034355964	
-1.95518762178566	
-1.94862600299392	
-2.03849511591822	
-2.12132034355964	
-2.10813597449745	
-1.96791124298782	
-1.72109328997884	
-1.41421356237309	
-1.08652528483964	
-0.747729519451383	
-0.387274307243456	
2.10048627944926e-017	
0.384172935442002	
0.690399722929402	
0.820579294932452	
0.707106781186547	
0.371837959863573	
-0.0507387817648149	
-0.352789199177027	
-0.353553390593274	
-0.010769081720991	
0.524628167849007	
0.969518644035864	
1.06066017177982	
0.721567156066562	
0.13552107865118	
-0.334704042959203	
-0.353553390593274	
0.174448836815652	
1.00723387244227	
1.68226189076414	
1.76776695296637	
1.11839665237121	
-0.0293103701477842	
-1.16353727356237	
-1.76776695296637	
-1.58981735550142	
-0.76780580685257	
0.272562364359134	
1.06066017177982	
1.32659566278968	
1.10889564040804	
0.680621282522968	
0.353553390593274	
0.287188554001301	
0.414123981800565	
0.509933689730757	
0.353553390593274	
-0.12712318373321	
-0.806744510711466	
-1.43367453979107	
-1.76776695296637	
-1.70350690022661	
-1.31198464725749	
-0.790443044517191	
-0.353553390593274	
-0.132768468259969	
-0.127844754761295	
-0.241556243819147	
-0.353553390593274	
-0.392646452655966	
-0.365254641676768	
-0.332486509563332	
-0.353553390593274	
-0.43646333534527	
-0.521922992829573	
-0.517771970694479	
-0.353553390593274	
-0.0233082980542933	
0.398824286075937	
0.796754995271289	
1.06066017177982	
1.12632744694245	
0.994137401339982	
0.711943911427407	
0.353553390593274	
7.21527738069551e-005	
-0.272296486171123	
-0.401187829080863	
-0.353553390593274	
-0.143047211089441	
0.167662833670734	
0.481503820844296	
0.707106781186547	
0.801715722472796	
0.786569292716889	
0.731296561788395	
0.707106781186547	
0.742681661182617	
0.801381569312789	
0.811421945323081	
0.707106781186547	
0.463237111841738	
0.104333536492019	
-0.310632563387228	
-0.707106781186548	
-1.00600541869943	
-1.13413399323007	
-1.03668725584005	
-0.707106781186547	
-0.214249594315687	
0.29523575352078	
0.645570672024369	
0.707106781186547	
0.461703834328493	
0.0188614136228406	
-0.432558131101357	
-0.707106781186547	
-0.695664590580708	
-0.391248915241923	
0.122629520887548	
0.707106781186548	
1.19940740129836	
1.43478692814356	
1.28434141448115	
0.707106781186547	
-0.1988690437911	
-1.18343242988621	
-1.91645324141087	
-2.12132034355964	
-1.71476955929697	
-0.864499376827482	
0.0703607343744798	
0.707106781186547	
0.820509375002754	
0.447394025612729	
-0.164729179465069	
-0.707106781186547	
-0.976183300426818	
-0.962218513314019	
-0.812049004135893	
-0.707106781186547	
-0.73595826401897	
-0.845220207130035	
-0.882110329274333	
-0.707106781186547	
-0.298773074545142	
0.213910249997296	
0.612223241736054	
0.707106781186547	
0.449905784359871	
-0.0328067512253184	
-0.496942916219671	
-0.707106781186547	
-0.559192240504963	
-0.132810164026059	
0.361969430550181	
0.707106781186547	
0.798956031432466	
0.70628453219495	
0.614381600402214	
0.707106781186548	
1.05234194369483	
1.54606687464569	
1.97356049855055	
2.12132034355964	
1.88765854654787	
1.33046678336585	
0.631155872987013	
5.12447868671278e-017	
-0.422286513990976	
-0.618490307488805	
-0.674514373985634	
-0.707106781186547	
-0.781071913738582	
-0.868964858740792	
-0.873496729049475	
-0.707106781186547	
-0.377700982504313	
-0.0192236062638603	
0.160126236337013	
-1.10759898095152e-016	
-0.493688297047409	
-1.10578387646669	
-1.50448945912256	
-1.41421356237309	
-0.781007875015877	
0.169372038420999	
1.0300918195703	
1.41421356237309	
1.14807493400604	
0.354510887222904	
-0.626407254567006	
-1.41421356237309	
-1.76524122527709	
-1.64963113153153	
-1.22186002073443	
-0.707106781186547	
-0.289796152866408	
-0.0479460854761079	
0.0294431477840222	
8.99725742590373e-018	
-0.0716261889700895	
-0.127342615345938	
-0.117230169045178	
1.33345541059295e-017	
0.245639107464466	
0.605284454766647	
1.02306854483692	
1.41421356237309	
1.69077281024421	
1.79039575087376	
1.69082920559725	
1.41421356237309	
1.02185383618912	
0.595834369195949	
0.228597784485084	
1.22948892665128e-017	
-0.0436256588471184	
0.0951626216117948	
0.369734132578114	
0.707106781186547	
1.02963407603682	
1.27819629091492	
1.41248495018491	
1.41421356237309	
1.29280188051014	
1.08720459365089	
0.866714900991427	
0.707106781186547	
0.652448055085625	
0.684825012464706	
0.730004207485421	
0.707106781186547	
0.595654582938077	
0.471379931677296	
0.473099557665154	
0.707106781186548	
1.14580253565403	
1.59211945197593	
1.75695176005484	
1.41421356237309	
0.547502513022073	
-0.59744225213258	
-1.61369836080745	
-2.12132034355964	
-1.94793330502856	
-1.19888748004429	
-0.191269242520234	
0.707106781186547	
1.23783309270004	
1.33434879856246	
1.09737068989439	
0.707106781186547	
0.329709416916152	
0.0705126435065059	
-0.0355029961294223	
-4.24401570600679e-019	
0.141292337920681	
0.343476202834183	
0.552162883105419	
0.707106781186547	
0.751017813456432	
0.644827745672238	
0.381854696896824	
-1.56010676924166e-017	
-0.415998462254472	
-0.743142005403642	
-0.861915181676868	
-0.707106781186547	
-0.313005173831818	
0.182269900458993	
0.579718284345739	
0.707106781186547	
0.503888322206263	
0.0628259592080889	
-0.413584724626714	
-0.707106781186547	
-0.68272713629332	
-0.346944983231475	
0.17485747012975	
0.707106781186547	
1.10142145530705	
1.28395432983131	
1.25533934620939	
1.06066017177982	
0.754136654721432	
0.386351926701082	
0.0008099690622451	
-0.353553390593274	
-0.61619358515099	
-0.724809236768753	
-0.636633704046404	
-0.353553390593274	
0.0651376256495266	
0.5144884427772	
0.876051752669724	
1.06066017177982	
1.04198813466336	
0.858387571680278	
0.596831277181836	
0.353553390593274	
0.199738027826078	
0.161493409211745	
0.226016071374144	
0.353553390593274	
0.487668452071432	
0.566242252337129	
0.53116270234296	
0.353553390593274	
0.0636130097499278	
-0.240944207923136	
-0.419133534896683	
-0.353553390593274	
-0.0246579597133458	
0.456355852960145	
0.884533266946934	
1.06066017177982	
0.897854233813158	
0.474533555567669	
-0.0111841478275409	
-0.353553390593274	
-0.453702030423474	
-0.373281839457607	
-0.282849013844442	
-0.353553390593274	
-0.651476796000467	
-1.10355584023382	
-1.53559482050634	
-1.76776695296637	
-1.70469714608022	
-1.36535194701508	
-0.865623696256989	
-0.353553390593274	
0.0534567384769067	
0.299954173585479	
0.388773641607344	
0.353553390593274	
0.231097505254933	
0.0528853872996817	
-0.153513420595301	
-0.353553390593274	
-0.504798159819895	
-0.561883878203643	
-0.505039452386952	
-0.353553390593274	
-0.162290296341898	
-0.00376238168900517	
0.0615135913921189	
1.09646800862769e-017	
-0.196120433594427	
-0.518704639809857	
-0.94305498340531	
-1.41421356237309	
-1.83006664795161	
-2.04826417612838	
-1.9301768565092	
-1.41421356237309	
-0.577241180307942	
0.35976286379169	
1.10440001555134	
1.41421356237309	
1.20865058402547	
0.603845355278938	
-0.13435113359627	
-0.707106781186547	
-0.900866337689984	
-0.656831196885431	
-0.0619754363721776	
0.707106781186548	
1.45163081210488	
2.00300088935306	
2.24416990447841	
2.12132034355964	
1.65193556055747	
0.923277215400699	
0.0809944278966164	
-0.707106781186547	
-1.29851815837223	
-1.60874695607639	
-1.62957982340066	
-1.41421356237309	
