0.0	
0.0	
0.0	
0.0	
0.0	
0.0	
0.0	
0.0	
0.0	
0.0	
0.0	
3.35684306052202e-006	
-1.75488015843279e-006	
1.2600597034806e-006	
-4.00095730627078e-006	
-3.78889063158441e-007	
-4.93846583897301e-006	
-7.63953178530701e-008	
-3.66559032798532e-006	
1.81994221477465e-005	
-9.52087356156349e-006	
1.07383333661941e-005	
-1.86085403455852e-005	
3.55079424001948e-006	
-2.39321849986333e-005	
3.15961303710186e-006	
-2.08241085676429e-005	
2.71416189196395e-005	
-1.97598476672578e-005	
2.80821256433305e-005	
-2.24585402411197e-005	
2.55388797369202e-005	
-2.78112376996538e-005	
2.16711778555729e-005	
-3.19078410900879e-005	
3.76097675446575e-005	
-4.00223924543981e-005	
3.24565205828539e-005	
-4.64447313662676e-005	
3.19971509615954e-005	
-4.6599074687055e-005	
3.58984919965198e-005	
-3.97982769673296e-005	
6.33936359036602e-005	
-4.1581692096062e-005	
6.05419895740777e-005	
-5.41844116520421e-005	
4.96446346850409e-005	
-7.08273561246069e-005	
3.84424179071568e-005	
-7.82829823728208e-005	
6.67820751739289e-005	
-8.15468080317547e-005	
7.55030508069891e-005	
-7.85380566695375e-005	
8.93075516505885e-005	
-7.31214453082546e-005	
9.99516727816089e-005	
-7.26759650935877e-005	
9.63632270026369e-005	
-8.0598932191739e-005	
9.40881735245049e-005	
-9.96013995066196e-005	
8.63877798913503e-005	
-0.00358187573332653	
-0.00376565846083586	
-0.000655033933955167	
0.00321708978119065	
0.00617669307061704	
0.010225626454662	
0.0093510037159678	
0.00693372147137055	
-0.0029791110795332	
-0.0112504455997607	
-0.00641496239534765	
-0.00314019230040675	
-1.89628304811269e-005	
0.00625511014429187	
0.00717080036833664	
0.00714226443756365	
-0.000839248104866524	
-0.00740972596164593	
2.27942492770976e-005	
0.00275281736357349	
0.00171869074201842	
0.00013943563994374	
-0.00468251090961655	
-0.010479416806933	
-0.0203731139394595	
-0.0251172780623303	
-0.0110816341996311	
0.00134267293457808	
0.0121217846016265	
0.0213871090205786	
0.0258404849591404	
0.021788892421482	
0.00719276311407204	
-0.00931416741456781	
-0.0117927991522869	
-0.0183196935009653	
-0.0248264175849351	
-0.0278726759768282	
-0.0269820556188064	
-0.0244969876931311	
-0.0165762942267451	
-0.0101729626248316	
0.0141039587513375	
0.0338044483055018	
0.0475466244770227	
0.051277217636864	
0.0484996050473702	
0.0317342758779361	
0.00430365283661263	
-0.0254631836587062	
-0.057959358426735	
-0.0858369405845617	
-0.107421998640313	
-0.117994838086095	
-0.105446191802525	
-0.0737923164773674	
-0.0104273086782227	
0.0742075164738946	
0.181879237395907	
0.30585143846467	
0.446117600723453	
0.593113559084242	
0.746085630445488	
0.890862608033726	
1.02029094140792	
1.13478301706435	
1.22922535775488	
1.30596201466547	
1.35919911315994	
1.388864202873	
1.38900848203888	
1.36221779891207	
1.30863888269473	
1.22153754899855	
1.11202520156581	
0.972045415269424	
0.805840573099532	
0.616618990694538	
0.413354376956444	
0.204674688727099	
-0.00609799225179118	
-0.201036699045167	
-0.371863377544804	
-0.509052937353224	
-0.610212923180906	
-0.671769075109616	
-0.693231706970455	
-0.679762483023826	
-0.636540958605339	
-0.580650897447868	
-0.515551566212307	
-0.46634856430313	
-0.443214938189871	
-0.460928166390403	
-0.517482642564591	
-0.617709260450933	
-0.761489524934435	
-0.929672598196073	
-1.10829480741217	
-1.27673172769089	
-1.42214658423369	
-1.52550910448578	
-1.58030480158584	
-1.58272724546798	
-1.53539035532918	
-1.45908156033515	
-1.36583140644005	
-1.29247052143588	
-1.26513198722112	
-1.30919777166474	
-1.43667571256491	
-1.6530896278786	
-1.94630310584993	
-2.29364325072437	
-2.64957411620502	
-2.96030166654317	
-3.1771629188343	
-3.24877214972158	
-3.13343700922033	
-2.81235838509617	
-2.2856061216754	
-1.58568821237406	
-0.758508157877005	
0.128741490652665	
0.989652885641742	
1.7402484189769	
2.31499436971363	
2.65810480799434	
2.73723024290132	
2.57048119767174	
2.19308252189476	
1.66136913478246	
1.05008621226215	
0.449391401687263	
-0.0696725867747081	
-0.433674578266094	
-0.604510744018024	
-0.569810007488325	
-0.337598835497618	
0.0101632087214199	
0.419839486510451	
0.811578991931745	
1.11564074380744	
1.27925050358934	
1.25999834609757	
1.06931677103153	
0.733933238086187	
0.28001147272886	
-0.214069345523205	
-0.670967776345634	
-1.02297714609205	
-1.21485259802004	
-1.20913219360804	
-1.00563229883415	
-0.62515599188317	
-0.15424618304271	
0.356635614400906	
0.824483288941288	
1.18825224076086	
1.38326114731306	
1.38660250348117	
1.1909086425874	
0.823949849057922	
0.319170402198055	
-0.24061323844795	
-0.784455515125055	
-1.2321302089054	
-1.53553136994134	
-1.65158529352895	
-1.58641341709411	
-1.3472108057722	
-1.00375072717555	
-0.605725699018484	
-0.227115582511425	
0.0805685406682149	
0.258266514672695	
0.29574596396266	
0.186089470509199	
-0.0544068988424501	
-0.358182205540095	
-0.66323561447099	
-0.900472506592256	
-0.993115669242345	
-0.914253543899626	
-0.636658849830599	
-0.185267396985626	
0.387839494044836	
1.02863058107987	
1.65837379865081	
2.18431006855594	
2.53924904354102	
2.66153964138579	
2.53544906152403	
2.18017607772414	
1.62925910392667	
0.957558690269123	
0.251501570950962	
-0.393349929609868	
-0.906942966624458	
-1.2160646866862	
-1.29972107106208	
-1.15666337515337	
-0.822836839825597	
-0.373261810695728	
0.122470173220064	
0.577914224687259	
0.912607348297106	
1.06937471271485	
1.00407642969805	
0.72804079734963	
0.259607490202264	
-0.354765894479311	
-1.04467077941535	
-1.7270486497282	
-2.33425154939473	
-2.79932727952905	
-3.08115278863914	
-3.1661947446153	
-3.04577834964295	
-2.76504703014168	
-2.3521008575287	
-1.8602968629942	
-1.33094563441258	
-0.81875640892699	
-0.360635089224582	
0.0193938396386173	
0.301841024552241	
0.485738474791861	
0.565199423269017	
0.554527182305288	
0.462920756501771	
0.303504871225867	
0.0884911048164525	
-0.180134833012303	
-0.48115712399224	
-0.811064176207479	
-1.15093295414137	
-1.48076350703328	
-1.77738936697582	
-2.02029191540093	
-2.17712623299396	
-2.23268606299774	
-2.16657206107558	
-1.96713738744891	
-1.64483354294834	
-1.20882023734617	
-0.679595598742956	
-0.0972344941458962	
0.504815637468602	
1.07502651575739	
1.58504245358277	
2.00301145068503	
2.29792464255793	
2.4642105547332	
2.50289383027906	
2.41936836021001	
2.23928907937661	
1.99503694899424	
1.72768648502867	
1.46063652153812	
1.22078049488491	
1.03907177195006	
0.928110704223441	
0.904873246044191	
0.963408391780016	
1.08591170969578	
1.27383798489977	
1.4707212921868	
1.65805352623648	
1.8034513336058	
1.89452842746493	
1.90225218710764	
1.81744295955456	
1.65354549918966	
1.41571396823815	
1.1057170138115	
0.749184935609182	
0.377266992251007	
0.0259392596673971	
-0.283797604183233	
-0.518945227305401	
-0.680384634745505	
-0.742611770955504	
-0.737161429923619	
-0.657588306173292	
-0.529149236227304	
-0.358409600891648	
-0.190332342700792	
-0.0395855478560168	
0.0741513021656775	
0.146187176735231	
0.161330016657995	
0.110371157547341	
-0.001393461530022	
-0.162647722358153	
-0.374570558905195	
-0.618035068507739	
-0.879141731686308	
-1.1206343006616	
-1.35223260591389	
-1.56000667777865	
-1.72803958997675	
-1.84297984055937	
-1.90298488913994	
-1.89591036762924	
-1.81751950892154	
-1.65907933085038	
-1.42213302561605	
-1.11919422067243	
-0.763771832672594	
-0.357989850209818	
0.0576993922696535	
0.471922014245883	
0.845678610666997	
1.1542691390433	
1.39512608713806	
1.54604367434017	
1.59757244631166	
1.56607596950512	
1.45279334757145	
1.28336513418041	
1.07825067371853	
0.862339634196472	
0.672772756964531	
0.523628028981688	
0.422015832820724	
0.36519875780697	
0.357005626650335	
0.377091459456439	
0.40478864780742	
0.409009946277625	
0.382245501834526	
0.304772337354761	
0.162024698029601	
-0.0385417171631517	
-0.286033388286921	
-0.569099737966705	
-0.861371574521932	
-1.14077805316836	
-1.37653804538836	
-1.54281896139965	
-1.62525487606697	
-1.61861326922065	
-1.51774524943536	
-1.34078494819708	
-1.09449796001584	
-0.797737039764506	
-0.479916896506543	
-0.158292051471591	
0.147071824703249	
0.424607604418188	
0.665343151439469	
0.864320578148192	
1.03076085402415	
1.1697769374397	
1.27775789785947	
1.35546210922938	
1.40812099626665	
1.4248922615545	
1.39297524710895	
1.30437850324621	
1.13578263190781	
0.890226103879041	
0.551708262787894	
0.125112415691095	
-0.372985644534643	
-0.918806398829333	
-1.48073957932736	
-2.01674206766771	
-2.49557754789618	
-2.86461710459942	
-3.08353802008341	
-3.13913264990176	
-3.0196029493787	
-2.72061490599773	
-2.26846451600614	
-1.6968288233419	
-1.04916420092744	
-0.377949505428268	
0.265783441558769	
0.821926181063294	
1.25116416921992	
1.52599272510204	
1.63360317174239	
1.58308495803333	
1.38465995482597	
1.07765049096797	
0.686113329633457	
0.261695727553556	
-0.149171529810574	
-0.50021790440742	
-0.762026425184267	
-0.916368363847845	
-0.946868435669302	
-0.85869281691266	
-0.670192418041269	
-0.400399145199773	
-0.068089898670146	
0.299499480020408	
0.66906856797663	
1.0247583995569	
1.34011847588816	
1.58551704645548	
1.75000625765835	
1.83375826768075	
1.83744106713114	
1.76678597207464	
1.61709701846263	
1.40544551404767	
1.12453409442699	
0.780511123215596	
0.393775013020554	
-0.00691064734704952	
-0.407279022305099	
-0.773218379656268	
-1.09305598207262	
-1.33671790460697	
-1.49251827281738	
-1.56203326754572	
-1.53057087831092	
-1.40973595712985	
-1.21275479468478	
-0.960273069128989	
-0.673147472957405	
-0.376273349926814	
-0.0940323522459995	
0.137951776789328	
0.311034282470984	
0.434764943018788	
0.514125869242614	
0.561497277952198	
0.597365363874836	
0.625613865523775	
0.660070172385331	
0.68523414291464	
0.698244226767733	
0.689014102941534	
0.638044928265066	
0.521081478066369	
0.325143182085373	
0.0520929076434687	
-0.295238930733295	
-0.673263143184397	
-1.0529221903599	
-1.38261450243005	
-1.61840195924246	
-1.7204011075606	
-1.66648945440731	
-1.44786497372054	
-1.07566160946421	
-0.588712874067792	
-0.0354270839234136	
0.509944401908705	
0.985707029115165	
1.33375325694821	
1.51041127095152	
1.49030478520812	
1.27650921634983	
0.899656698901393	
0.396006682312421	
-0.184260649303657	
-0.776719734218424	
-1.32977928719045	
-1.80173418690436	
-2.15790070387834	
-2.37183043421719	
-2.43290205213886	
-2.35199672795496	
-2.1431105285616	
-1.82140327940291	
-1.40661595259144	
-0.919288808628138	
-0.384014442694463	
0.185358906447745	
0.757836787495046	
1.29678158382865	
1.77042497991095	
2.15238182367821	
2.40275162945035	
2.50080605194166	
2.43283428288551	
2.1983710615885	
1.82092758873846	
1.33074039706082	
0.791498657582425	
0.266486436453669	
-0.178180824554694	
-0.476397800955238	
-0.581703585671214	
-0.467375544220333	
-0.134623796480038	
0.383696952921272	
1.03693929373089	
1.74594729342743	
2.43418979137467	
3.01484150860106	
3.42206978263579	
3.61050561430912	
3.55895067654915	
3.26528561909379	
2.76384557976958	
2.11369810485495	
1.37923017281896	
0.625269258544945	
-0.0790918784469791	
-0.670306669051061	
-1.11979282892541	
-1.4008510257293	
-1.51173741227889	
-1.46238410396062	
-1.28092951496355	
-1.00227293616939	
-0.662953089657493	
-0.301284458986142	
0.0515114930482416	
0.364933920582368	
0.623324755123597	
0.807101213056916	
0.899993528667332	
0.894432602157039	
0.797731009967423	
0.61300166302237	
0.350245909054665	
0.0416653015672263	
-0.287659319554669	
-0.601826832929159	
-0.865629575762757	
-1.04226395530758	
-1.10613989786765	
-1.05675250278617	
-0.892083165995836	
-0.609316967330957	
-0.24350080671129	
0.155690083989902	
0.545855074191914	
0.874139165344817	
1.09134454817382	
1.16735264440748	
1.09158464047843	
0.891568820714238	
0.57088567534926	
0.171007846594651	
-0.265081075155909	
-0.685751045194813	
-1.03961011372076	
-1.29722171571384	
-1.42698865317444	
-1.41856659299197	
-1.29331013601247	
-1.07761906324663	
-0.803842740383013	
-0.515256881890519	
-0.254029919125952	
-0.0622884561976748	
0.0380440597121295	
0.0665517230465287	
0.0110527919452362	
-0.108048177184843	
-0.263349444053356	
-0.429890717369379	
-0.582590639158066	
-0.685170748775996	
-0.737229471622774	
-0.715690862435199	
-0.63454375329751	
-0.501172889266292	
-0.342099137874135	
-0.163165539335306	
0.00768222685040189	
0.15945388173687	
0.27754436589896	
0.343733576757145	
0.368260805516029	
0.352470882069477	
0.296369618565831	
0.214999111872785	
0.111798988759169	
-0.0081785578377974	
-0.147183601183309	
-0.29299963674146	
-0.444650202054045	
-0.596860967568121	
-0.743512959543143	
-0.880578024663183	
-1.00405132473073	
-1.09363337389686	
-1.14563293437196	
-1.1432603258943	
-1.06831224767832	
-0.909081281510843	
-0.668123046842013	
-0.33072301721514	
0.0975803628150897	
0.595156869025281	
1.11972736694013	
1.63662762041019	
2.11119610402782	
2.4919182639845	
2.7426045581986	
2.82512300947317	
2.71394569454085	
2.40072787945364	
1.90233852964636	
1.25127077159595	
0.499937871436427	
-0.290122634925552	
-1.06136540025334	
-1.73578909914364	
-2.25382578399703	
-2.57777470089708	
-2.69083067698944	
-2.59362032761346	
-2.30651853935591	
-1.87692049508873	
-1.3532706525977	
-0.798763170202528	
-0.280808861999963	
0.156784289391713	
0.47666934262935	
0.67490443914889	
0.747352870295871	
0.726826034316491	
0.637285710433146	
0.521382408542164	
0.423057040022594	
0.371840601789536	
0.395616012315591	
0.477278514706876	
0.600513799480439	
0.72441563610654	
0.801869800672559	
0.801253444276958	
0.693062767052085	
0.457720852052005	
0.0941592109010074	
-0.34612253159382	
-0.8041117653769	
-1.21057211442344	
-1.4713618605087	
-1.52346476423193	
-1.31769508053543	
-0.848008707892385	
-0.140381252976664	
0.739404669602473	
1.68309059804304	
2.55760516046062	
3.21926401463256	
3.55614912262731	
3.47830849595443	
2.96130376410148	
2.05157792995142	
0.834652058605804	
-0.550861469376642	
-1.93388395470653	
-3.12881357888686	
-3.96379861848986	
-4.31419242093145	
-4.12631497669264	
-3.3919561865285	
-2.20315030367814	
-0.718132104075854	
0.868729994237009	
2.35647884279825	
3.53119119670635	
4.23423037772072	
4.38312255272655	
3.95308634027012	
3.00943651525183	
1.67797430573635	
0.147086057853991	
-1.37405839137167	
-2.67330200240721	
-3.57310056567691	
-3.9657524040428	
-3.78480892484812	
-3.07069533461142	
-1.91124382108548	
-0.464715717312824	
1.09541268814735	
2.57211360118864	
3.79136142489354	
4.62327424355366	
4.99693484882998	
4.89967406643362	
4.35351038509976	
3.44372431336708	
2.27974746937339	
0.984293989166366	
-0.315312432279959	
-1.50969080139691	
-2.52789612706963	
-3.31870645698744	
-3.86679631857215	
-4.17840892070881	
-4.26820258271866	
-4.16191339547064	
-3.88280419511183	
-3.46119862127688	
-2.9259102017574	
-2.28250119953851	
-1.53442402715197	
-0.705583727504127	
0.185808479595629	
1.1003350026327	
1.99147534479905	
2.79041315226698	
3.43750939510702	
3.89136405357935	
4.10666187706185	
4.05162208962753	
3.72706258778766	
3.15418618264296	
2.38281034826318	
1.48351408904135	
0.527698088245588	
-0.382626406612896	
-1.1771874968625	
-1.78825913721375	
-2.17829297789238	
-2.32230766651695	
-2.23881095640474	
-1.97872679722061	
-1.60107902766065	
-1.15637702071959	
-0.715136871385934	
-0.344927714748016	
-0.0813796850606059	
0.0417148689389526	
0.0179373778721382	
-0.126320860608531	
-0.358927021045484	
-0.62963297118197	
-0.894766472843349	
-1.10227608535156	
-1.22117151923151	
-1.21808315731813	
-1.08986272064209	
-0.845223583203866	
-0.514582385704817	
-0.125711942487781	
0.271737983725678	
0.6409406975108	
0.937923447431491	
1.12845420866761	
1.193550111924	
1.12895308908743	
0.947753283472571	
0.659867931200537	
0.291772411284587	
-0.120879650415258	
-0.558281775733447	
-0.975389257428685	
-1.35048352049363	
-1.67216263183572	
-1.93076545689921	
-2.13476488143658	
-2.27077244877335	
-2.34177291723899	
-2.33719255230295	
-2.25704544168669	
-2.10655323119486	
-1.88192694748694	
-1.58040388294116	
-1.19437287121807	
-0.746686586300027	
-0.251409186973433	
0.26678280992776	
0.76061776817348	
1.20958964293943	
1.57044140913941	
1.82764856555032	
1.94981047618277	
1.93354572924035	
1.78590898613047	
1.53241224785578	
1.20707543057392	
0.856264878806596	
0.518366452264812	
0.213262912231501	
-0.0234427521963958	
-0.168392812456494	
-0.205899855382054	
-0.130515841036617	
0.0423684088666309	
0.294795795236472	
0.589594864653077	
0.890319333257585	
1.17043443203963	
1.41210393869017	
1.5898292318386	
1.68754803787825	
1.68690206353072	
1.59775604788225	
1.42020702505917	
1.15206010909198	
0.837081214957174	
0.505408968200932	
0.190419541325717	
-0.0700106123909775	
-0.247669808027682	
-0.317450962212662	
-0.288505721738779	
-0.175721638725664	
0.00455637997952528	
0.225649577978166	
0.440622192828921	
0.613518721578929	
0.700844710798749	
0.673435848006821	
0.532344632245784	
0.267381080491087	
-0.0788829776715484	
-0.465833092363236	
-0.830352545121966	
-1.12427095177348	
-1.28254792274626	
-1.27320587549518	
-1.0718371258813	
-0.69200114730138	
-0.17414796855766	
0.435003881421605	
1.06222584856815	
1.62309078603695	
2.04685986754474	
2.26686326912221	
2.24889151481387	
2.00072439373996	
1.53597253447815	
0.901443762950845	
0.163032588839386	
-0.609927772376235	
-1.34141106256542	
-1.95873260297624	
-2.42014656490792	
-2.67947893300779	
-2.73905263290607	
-2.63033366912483	
-2.39198360494363	
-2.06688455486909	
-1.71408274805616	
-1.38308335879501	
-1.10640672003963	
-0.908730687398261	
-0.78147892409868	
-0.727771267738597	
-0.720760683573749	
-0.729171341941077	
-0.727252133588434	
-0.687590762856182	
-0.603580045415278	
-0.455951103611	
-0.252976018301926	
-0.0190125344184401	
0.222339207970013	
0.444789505958916	
0.616458892473755	
0.717021533417565	
0.752540994194443	
0.722315094620956	
0.659882090987854	
0.578671167775243	
0.517330196310788	
0.499068072206048	
0.558824809751685	
0.713433569944045	
0.95944192053769	
1.28120068300452	
1.65262750432902	
2.04406487890282	
2.41052575026621	
2.71408796955824	
2.92628145219424	
3.02147665248612	
2.99947970583275	
2.87619187571175	
2.67284277736916	
2.42878105488999	
2.18204640751532	
1.9661702026664	
1.81602829247531	
1.75151561175679	
1.76626935776902	
1.86196402912151	
2.00228871585526	
2.14211777971806	
2.23424573867787	
2.24266462483265	
2.1211457970262	
1.84975015385808	
1.42420906757625	
0.863562545839054	
0.209761449493097	
-0.491597787233125	
-1.17726093865773	
-1.78194974067762	
-2.25304719301355	
-2.55063568779879	
-2.65981649206049	
-2.59867107913377	
-2.3911617410842	
-2.08150227720568	
-1.73695284597523	
-1.40332013263622	
-1.14215300063999	
-0.978585246695374	
-0.940293003393922	
-1.00511430360475	
-1.12271760510229	
-1.24944042455658	
-1.32755046206698	
-1.30485785293368	
-1.15100904928152	
-0.846186043827933	
-0.40697171139096	
0.117808646650155	
0.698464319142381	
1.24009904862485	
1.66226818723013	
1.89523092790917	
1.89174374572487	
1.63304777725031	
1.11703908758254	
0.398330221900999	
-0.426873090069644	
-1.27467034130771	
-2.04155621280318	
-2.63287860618339	
-2.97395883902063	
-3.0210952367806	
-2.77477889155376	
-2.27176785232995	
-1.5403762989459	
-0.687362078617422	
0.182639661790229	
0.978977839872884	
1.61069348929358	
2.01176487430479	
2.1483872902755	
2.00177140547498	
1.64448059327561	
1.12544123986644	
0.525852124161844	
-0.0674169139863659	
-0.564567644165847	
-0.919349936820789	
-1.0786081114493	
-1.05142460615103	
-0.85293229141123	
-0.529909968496844	
-0.14439936261494	
0.210120616327192	
0.488742117451801	
0.620130847585333	
0.59330225415362	
0.39606604682498	
0.0282016505304714	
-0.452275942617566	
-0.982512312013955	
-1.50725397308113	
-1.94039718391217	
-2.23543886968875	
