To 20
I  2.26999000000000,14.4454000000000,15.6148000000000,16.1651000000000,16.7154000000000,17.2657000000000,17.8848000000000,18.5039000000000,19.3293000000000,20.2580000000000,21.2210000000000,22.2528000000000,23.4910000000000,24.2820000000000,25.0731000000000,25.7954000000000,26.3113000000000,27.0335000000000,27.7558000000000,28.3061000000000,28.9252000000000,29.5099000000000,29.9226000000000,30.5761000000000,30.8856000000000,31.3328000000000,31.6767000000000,31.9862000000000,32.3302000000000,32.6053000000000,32.9493000000000,33.2244000000000,33.5684000000000,33.9811000000000
V  2.26782583637758,3.21782551490854,3.26458679768041,3.28292594558028,3.29411342152736,3.30557133173619,3.32322790029674,3.33611693768546,3.36733027849814,3.39321760000000,3.41914600000000,3.44561888000000,3.47544030000000,3.49356040000000,3.51103510000000,3.52620340000000,3.53672600000000,3.55114320000000,3.56501136000000,3.57539346000000,3.58690872000000,3.59758018000000,3.60509132000000,3.61698502000000,3.62261792000000,3.63079024000000,3.63708361000000,3.64274746000000,3.64924078000000,3.65444017000000,3.66094177000000,3.66629824000000,3.67304064000000,3.6811295600000
L  0,3.73107000000000,4.02519000000000,4.14499000000000,4.25389000000000,4.36825000000000,4.42806000000000,4.52058000000000,4.58579000000000,4.63461000000000,4.64525000000000,4.61225000000000,4.56284000000000,4.47539000000000,4.35521000000000,4.21870000000000,4.09315000000000,3.85850000000000,3.70018000000000,3.49828000000000,3.28546000000000,3.06720000000000,2.84899000000000,2.57618000000000,2.40706000000000,2.19975000000000,1.97610000000000,1.76336000000000,1.52881000000000,1.33789000000000,1.13606000000000,0.906973000000000,0.688776000000000,0.421488000000000

To 40
I  2.26999000000000,10.3869000000000,11.7971000000000,12.4162000000000,14.3422000000000,15.5804000000000,16.5090000000000,17.4033000000000,18.4351000000000,19.5357000000000,20.6707000000000,21.7713000000000,22.6311000000000,23.3878000000000,24.1101000000000,24.7979000000000,25.4170000000000,26.0017000000000,26.4832000000000,26.8960000000000,27.3431000000000,27.7558000000000,28.2373000000000,28.6156000000000,28.8908000000000,29.3035000000000,29.7163000000000,29.9914000000000,30.3697000000000,30.6449000000000,30.8169000000000,31.1608000000000,31.5735000000000,31.8143000000000
V  2.26782583637758,3.03801825596692,3.11207909453599,3.13965406591500,3.21328998997745,3.26337160438144,3.29138914010824,3.30982382328072,3.33468459109792,3.37451834460729,3.40444304000000,3.43345380000000,3.45492506000000,3.47303574000000,3.48974422000000,3.50501338000000,3.51825700000000,3.53053400000000,3.54016400000000,3.54842000000000,3.55708752000000,3.56501136000000,3.57411378000000,3.58115016000000,3.58626888000000,3.59382370000000,3.60133666000000,3.60634348000000,3.61322854000000,3.61823718000000,3.62136758000000,3.62764264000000,3.63519505000000,3.63960169000000
L  0,2.50535000000000,2.99569000000000,3.03369000000000,3.44756000000000,3.64352000000000,3.75777000000000,3.85567000000000,3.92082000000000,3.96959000000000,3.96383000000000,3.90355000000000,3.79972000000000,3.67410000000000,3.56486000000000,3.41745000000000,3.27006000000000,3.12268000000000,2.95897000000000,2.78983000000000,2.63704000000000,2.47880000000000,2.29874000000000,2.14051000000000,1.97686000000000,1.79681000000000,1.56769000000000,1.34406000000000,1.10950000000000,0.913128000000000,0.711337000000000,0.487688000000000,0.225852000000000,0.0403996000000000

To 60
I  2.30439000000000,8.63285000000000,10.1462000000000,11.1436000000000,12.2098000000000,13.0696000000000,13.7231000000000,14.3422000000000,15.1677000000000,15.9243000000000,16.5778000000000,17.4033000000000,18.1599000000000,18.9854000000000,19.9484000000000,20.7739000000000,21.3586000000000,22.0464000000000,22.4248000000000,23.0439000000000,23.3878000000000,23.9037000000000,24.2476000000000,24.6260000000000,25.0043000000000,25.3482000000000,25.6578000000000,26.0017000000000,26.2081000000000,26.4832000000000,26.7928000000000,26.9304000000000,27.3431000000000,27.6182000000000,27.7902000000000,27.8934000000000,28.3749000000000,28.5813000000000,28.7188000000000,28.8908000000000
V  2.27258874622288,2.93508285217807,3.02015913925954,3.07740522350444,3.13180263139636,3.16615894568690,3.18936840589766,3.21328998997745,3.24879281733247,3.27498736470235,3.29229723391461,3.30982382328072,3.32895520474778,3.35372395196753,3.38490175873732,3.40725008000000,3.42272360000000,3.44054144000000,3.44985008000000,3.46502287000000,3.47303574000000,3.48505621000000,3.49279672000000,3.50119720000000,3.50959030000000,3.51681220000000,3.52331380000000,3.53053400000000,3.53466200000000,3.54016400000000,3.54635600000000,3.54910800000000,3.55708752000000,3.56236944000000,3.56567184000000,3.56765328000000,3.57667314000000,3.58051218000000,3.58306968000000,3.58626888000000
L  0,1.81335000000000,2.09102000000000,2.33611000000000,2.56483000000000,2.70091000000000,2.79342000000000,2.88595000000000,2.96751000000000,3.02183000000000,3.07073000000000,3.11412000000000,3.11937000000000,3.10278000000000,3.03164000000000,2.94417000000000,2.87313000000000,2.78570000000000,2.66564000000000,2.56733000000000,2.44728000000000,2.32718000000000,2.21803000000000,2.06526000000000,1.95611000000000,1.81425000000000,1.68875000000000,1.56870000000000,1.44324000000000,1.32321000000000,1.21407000000000,1.05591000000000,0.924934000000000,0.766734000000000,0.624921000000000,0.488579000000000,0.319418000000000,0.199405000000000,0.0848640000000000,0

To 80
I  2.99226000000000,5.84695000000000,6.91316000000000,7.77300000000000,8.80482000000000,10.2494000000000,11.4531000000000,12.5881000000000,13.7575000000000,14.9613000000000,16.3715000000000,17.4033000000000,18.2287000000000,18.9510000000000,19.6389000000000,20.2580000000000,20.8770000000000,21.4617000000000,22.0120000000000,22.4936000000000,23.0439000000000,23.4566000000000,23.8005000000000,24.2132000000000,24.4540000000000,24.6604000000000,25.1419000000000,25.3482000000000
V  2.37154741729620,2.70621503362034,2.79254366916324,2.86738635327586,2.94608931540829,3.02781622627326,3.09114074241110,3.14631437699681,3.19067697831743,3.24049874467552,3.28957427239928,3.30982382328072,3.33038755133531,3.35236292366670,3.37711482713266,3.39321760000000,3.41005440000000,3.42540420000000,3.43969520000000,3.45154256000000,3.46502287000000,3.47463878000000,3.48265165000000,3.49203304000000,3.49737880000000,3.50196088000000,3.51247990000000,3.51681220000000
L  0,0.707239000000000,0.935956000000000,1.17018000000000,1.36619000000000,1.62752000000000,1.85075000000000,2.01402000000000,2.12820000000000,2.22057000000000,2.23109000000000,2.20354000000000,2.15425000000000,2.08316000000000,1.97393000000000,1.88106000000000,1.75549000000000,1.61901000000000,1.47164000000000,1.31884000000000,1.14966000000000,0.996877000000000,0.833206000000000,0.653159000000000,0.484064000000000,0.342241000000000,0.200343000000000,0.0585201000000000


